time stamp	Weights of nodefirst	Calls of nodefirst	Weights of pathfirst	Calls of pathfirst	Weights of Node Random Removal	Calls of Node Random Removal	Weights of Node Shaw Removal	Calls of Node Shaw Removal	Weights of Node Worst Removal	Calls of Node Worst Removal	Weights of nodeNullDestroy	Calls of nodeNullDestroy	Weights of Node Greedy Insert	Calls of Node Greedy Insert	Weights of Node Random Insert	Calls of Node Random Insert	Weights of Node Regret-2 Insert	Calls of Node Regret-2 Insert	Weights of Path Average-Length-Difference Removal	Calls of Path Average-Length-Difference Removal	Weights of Path Average-Length Removal	Calls of Path Average-Length Removal	Weights of Path Cardinality Removal	Calls of Path Cardinality Removal	Weights of Path Node-Frequency Removal	Calls of Path Node-Frequency Removal	Weights of Path Random Removal	Calls of Path Random Removal	Weights of pathNullDestroy	Calls of pathNullDestroy	Weights of Path K-max Length Insert	Calls of Path K-max Length Insert	Weights of Path Node-Frequency Insert	Calls of Path Node-Frequency Insert	Weights of Path Random Insert	Calls of Path Random Insert	Weights of nodeNoise	Calls of nodeNoise	Weights of pathNoise	Calls of pathNoise	
0.347	1	0	1	1	1	0	1	0	1	1	2.4	0	1	0	1	0	1	1	1	0	1	1	1	0	1	0	1	0	4	0	1	0	1	1	1	0	0.5	0	0.5	0	
0.491	1	0	1.2	1	1	0	1	0	1	0	2.32	1	1	0	1	0	1	0	1	0	1	0	1	0	1.2	1	1	0	3.2	0	1	0	1	0	1.2	1	0.666667	1	0.666667	1	
0.675	1	0	2.36	1	1	0	1	0	1	0	3.256	1	1	0	1	0	1	0	1	0	1	0	1	0	2.36	1	1	0	2.56	0	1	0	1	0	2.36	1	0.666667	1	0.666667	1	
0.894	1	0	3.488	1	1	0	1	0	1	0	4.2048	1	1	0	1	0	1	0	1	0	1	0	1	0	3.488	1	1	0	2.048	0	1	0	1	0	3.488	1	0.666667	1	0.666667	1	
1.068	1	0	3.1904	1	1	0	1	0	1	0	3.76384	1	1	0	1	0	1	0	1	0	1	0	1	0	3.1904	1	1	0	1.6384	0	1	0	1	0	3.1904	1	0.666667	1	0.666667	1	
1.227	1	0	2.95232	1	1	0	1	0	1	0	3.41107	1	1	0	1	0	1	0	1	0	1	0	1	0	2.95232	1	1	0	1.31072	0	1	0	1	0	2.95232	1	0.666667	1	0.666667	1	
1.423	1	0	3.76186	1	1	0	1	0	1	0	4.12886	1	1	0	1	0	1	0	1	0	1	0	1	0	3.76186	1	1	0	1.04858	0	1	0	1	0	3.76186	1	0.666667	1	0.666667	1	
1.865	1	0	3.00948	1	1	0	1	0	1	1	3.30309	0	1	0	1	0	1	1	1	0	1	0	1	0	3.00948	0	1	1	1	0	1	0	1	0	3.00948	1	0.5	0	0.5	0	
2.276	1	0	2.40759	1	1	0	1	0	1	1	2.64247	0	1	0	1	0	1	1	1	0	1	0	1	0	2.40759	0	1	1	1	0	1	0	1	1	2.40759	0	0.5	0	0.5	0	
2.718	1	0	1.92607	1	1	0	1	0	1	1	2.11398	0	1	0	1	0	1	1	1	0	1	0	1	0	1.92607	0	1	1	1	0	1	0	1	1	1.92607	0	0.5	0	0.5	0	
3.082	1	1	1.54086	0	1	1	1	0	1	0	1.69118	0	1	1	1	0	1	0	1	1	1	0	1	0	1.54086	0	1	0	1	0	1	0	1	1	1.54086	0	0.5	0	0.5	0	
3.441	1	1	1.23268	0	1	1	1	0	1	0	1.35294	0	1	1	1	0	1	0	1	1	1	0	1	0	1.23268	0	1	0	1	0	1	0	1	1	1.23268	0	0.5	0	0.5	0	
3.618	1	0	1.38615	1	1	0	1	0	1	0	1.48236	1	1	0	1	0	1	0	1	0	1	0	1	0	1.38615	1	1	0	1	0	1.2	1	1	0	1	0	0.666667	1	0.666667	1	
3.79	1	0	1.50892	1	1	0	1	0	1	0	1.58588	1	1	0	1	0	1	0	1	0	1	0	1	0	1.50892	1	1	0	1	0	1.36	1	1	0	1	0	0.666667	1	0.666667	1	
3.992	1	0	1.20713	1	1	0	1	0	1	0	1.26871	1	1	0	1	0	1	0	1	0	1	0	1	0	1.20713	1	1	0	1	0	1.088	1	1	0	1	0	0.5	0	0.5	0	
4.156	1	0	1	1	1	0	1	0	1	0	1.01497	1	1	0	1	0	1	0	1	0	1	0	1	0	1	1	1	0	1	0	1	1	1	0	1	0	0.5	0	0.5	0	
4.345	1	0	1.2	1	1	0	1	0	1	0	1.21197	1	1	0	1	0	1	0	1	0	1	0	1.2	1	1	0	1	0	1	0	1.2	1	1	0	1	0	0.666667	1	0.666667	1	
4.752	1	1	1	0	1	0	1	1	1	0	1	0	1	0	1	0	1	1	1	0	1	1	1	0	1	0	1	0	1	0	1	0	1	1	1	0	0.5	0	0.5	0	
5.145	1	1	1	0	1	0	1	1	1	0	1	0	1	0	1	0	1	1	1	0	1	1	1	0	1	0	1	0	1	0	1	0	1	0	1	1	0.5	0	0.5	0	
5.569	1	1	1	0	1	0	1	1	1	0	1	0	1	0	1	0	1	1	1	0	1	1	1	0	1	0	1	0	1	0	1	0	1	0	1	1	0.5	0	0.5	0	
5.79	1	0	1.2	1	1	0	1.2	1	1	0	1	0	1.2	1	1	0	1	0	1	0	1.2	1	1	0	1	0	1	0	1	0	1	0	1	0	1.2	1	0.666667	1	0.333333	0	
6.015	1	0	1.36	1	1	0	1.36	1	1	0	1	0	1.36	1	1	0	1	0	1	0	1.36	1	1	0	1	0	1	0	1	0	1	0	1	0	1.36	1	0.666667	1	0.333333	0	
6.24	1	0	1.488	1	1	0	1.488	1	1	0	1	0	1.488	1	1	0	1	0	1	0	1.488	1	1	0	1	0	1	0	1	0	1	0	1	0	1.488	1	0.666667	1	0.333333	0	
6.52	1	0	2.5904	1	1	0	2.5904	1	1	0	1	0	2.5904	1	1	0	1	0	1	0	2.5904	1	1	0	1	0	1	0	1	0	1	0	1	0	2.5904	1	0.666667	1	0.333333	0	
6.804	1.2	1	2.07232	0	1.2	1	2.07232	0	1	0	1	0	2.47232	1	1	0	1	0	1	0	2.07232	0	1.2	1	1	0	1	0	1	0	1	0	1	0	2.47232	1	0.666667	1	0.666667	1	
7.074	1.36	1	1.65786	0	1.36	1	1.65786	0	1	0	1	0	2.37786	1	1	0	1	0	1	0	1.65786	0	1.36	1	1	0	1	0	1	0	1	0	1	0	2.37786	1	0.666667	1	0.666667	1	
7.324	1.488	1	1.32628	0	1.488	1	1.32628	0	1	0	1	0	2.30228	1	1	0	1	0	1	0	1.32628	0	1.488	1	1	0	1	0	1	0	1	0	1	0	2.30228	1	0.666667	1	0.666667	1	
7.558	1.1904	1	1.06103	0	1.1904	1	1.06103	0	1	0	1	0	1.84183	0	1	1	1	0	1	0	1.06103	0	1.1904	1	1	0	1	0	1	0	1	0	1	0	1.84183	1	0.5	0	0.5	0	
7.737	1	0	1.24882	1	1	0	1	0	1	0	1.2	1	1.47346	0	1	0	1	0	1	0	1	0	1	0	1	0	1.2	1	1	0	1	0	1	0	1.87346	1	0.666667	1	0.666667	1	
7.935	1	0	1.39906	1	1	0	1	0	1	0	1.36	1	1.17877	0	1	0	1	0	1	0	1	0	1	0	1	0	1.36	1	1	0	1	0	1	0	1.89877	1	0.666667	1	0.666667	1	
8.137	1	0	2.51925	1	1	0	1	0	1	0	2.488	1	1	0	1	0	1	0	1	0	1	0	1	0	1	0	2.488	1	1	0	1	0	1	0	2.91902	1	0.666667	1	0.666667	1	
8.316	1	0	2.0154	1	1	0	1	0	1	0	1.9904	1	1	0	1	0	1	0	1	0	1	0	1	0	1	0	1.9904	1	1	0	1	0	1	0	2.33521	1	0.5	0	0.5	0	
8.509	1	0	2.01232	1	1	0	1	0	1	0	1.99232	1	1	0	1	0	1	0	1	0	1	0	1	0	1	0	1.99232	1	1	0	1	0	1	0	2.26817	1	0.666667	1	0.666667	1	
8.843	1.2	1	1.60985	0	1	0	1.2	1	1	0	1.59386	0	1.2	1	1	0	1	0	1	0	1	0	1	0	1	0	1.99386	1	1	0	1.2	1	1	0	1.81454	0	0.666667	1	0.333333	0	
9.265	1.36	1	1.28788	0	1	0	1.36	1	1	0	1.27508	0	1.36	1	1	0	1	0	1	0	1	0	1	0	1	0	1.99508	1	1	0	1.36	1	1	0	1.45163	0	0.666667	1	0.333333	0	
9.636	1.488	1	1.03031	0	1	0	1.488	1	1	0	1.02007	0	1.488	1	1	0	1	0	1	0	1	0	1	0	1	0	1.99607	1	1	0	1.488	1	1	0	1.1613	0	0.666667	1	0.333333	0	
9.892	1.1904	0	1	1	1	0	1.1904	1	1	0	1	0	1.1904	0	1	1	1	0	1	0	1	0	1	0	1	0	1.59685	1	1	0	1.1904	1	1	0	1	0	0.5	0	0.5	0	
10.146	1	0	1	1	1	0	1	1	1	0	1	0	1	0	1	1	1	0	1	0	1	0	1	0	1	0	1.27748	1	1	0	1	1	1	0	1	0	0.5	0	0.5	0	
10.395	1	0	1	1	1	0	1	1	1	0	1	0	1	0	1	1	1	0	1	0	1	0	1	0	1	0	1.02199	1	1	0	1	1	1	0	1	0	0.5	0	0.5	0	
10.757	1	1	1	0	1	1	1	0	1	0	1	0	1	0	1	0	1	1	1	0	1	0	1	0	1	0	1	0	1	1	1	0	1	0	1	0	0.5	0	0.5	0	
11.107	1	1	1	0	1	1	1	0	1	0	1	0	1	0	1	0	1	1	1	0	1	0	1	0	1	0	1	0	1	1	1	0	1	0	1	0	0.5	0	0.5	0	
11.451	1	1	1	0	1	1	1	0	1	0	1	0	1	0	1	0	1	1	1	0	1	0	1	0	1	0	1	0	1	1	1	0	1	0	1	0	0.5	0	0.5	0	
11.805	1	0	1	1	1	0	1	0	1	1	1	0	1	1	1	0	1	0	1	1	1	0	1	0	1	0	1	0	1	0	1	1	1	0	1	0	0.5	0	0.5	0	
12.31	1	0	2.4	1	1	0	1	0	2.4	1	1	0	2.4	1	1	0	1	0	2.4	1	1	0	1	0	1	0	1	0	1	0	2.4	1	1	0	1	0	0.666667	1	0.333333	0	
12.693	1	0	1.92	1	1	0	1	0	1.92	1	1	0	1.92	1	1	0	1	0	1.92	1	1	0	1	0	1	0	1	0	1	0	1.92	1	1	0	1	0	0.5	0	0.5	0	
13.021	1	0	1.536	1	1	0	1	0	1.536	1	1	0	1.536	1	1	0	1	0	1.536	1	1	0	1	0	1	0	1	0	1	0	1.536	1	1	0	1	0	0.5	0	0.5	0	
13.355	1	0	1.2288	1	1	0	1	0	1.2288	1	1	0	1.2288	1	1	0	1	0	1.2288	1	1	0	1	0	1	0	1	0	1	0	1.2288	1	1	0	1	0	0.5	0	0.5	0	
13.714	1	1	1	0	1	1	1	0	1	0	1	0	1	0	1	0	1	1	1	0	1	1	1	0	1	0	1	0	1	0	1	0	1	1	1	0	0.5	0	0.5	0	
14.089	1	1	1	0	1	1	1	0	1	0	1	0	1	0	1	0	1	1	1	0	1	1	1	0	1	0	1	0	1	0	1	0	1	1	1	0	0.5	0	0.5	0	
14.464	1	1	1	0	1	1	1	0	1	0	1	0	1	0	1	0	1	1	1	0	1	1	1	0	1	0	1	0	1	0	1	0	1	1	1	0	0.5	0	0.5	0	
14.595	1	0	1.2	1	1	0	1	0	1	0	1.2	1	1	0	1	0	1	0	1.2	1	1	0	1	0	1	0	1	0	1	0	1	0	1.2	1	1	0	0.666667	1	0.333333	0	
14.733	1	0	1.36	1	1	0	1	0	1	0	1.36	1	1	0	1	0	1	0	1.36	1	1	0	1	0	1	0	1	0	1	0	1	0	1.36	1	1	0	0.666667	1	0.333333	0	
14.895	1	0	2.488	1	1	0	1	0	1	0	2.488	1	1	0	1	0	1	0	2.488	1	1	0	1	0	1	0	1	0	1	0	1	0	2.488	1	1	0	0.666667	1	0.333333	0	
15.039	1	0	2.3904	1	1	0	1	0	1	0	2.3904	1	1	0	1	0	1	0	2.3904	1	1	0	1	0	1	0	1	0	1	0	1	0	2.3904	1	1	0	0.666667	1	0.333333	0	
15.191	1	0	1.91232	1	1	0	1	0	1	0	1.91232	1	1	0	1	0	1	0	1.91232	1	1	0	1	0	1	0	1	0	1	0	1	0	1.91232	1	1	0	0.5	0	0.5	0	
15.308	1	0	1.52986	1	1	0	1	0	1	0	1.52986	1	1	0	1	0	1	0	1.52986	1	1	0	1	0	1	0	1	0	1	0	1	0	1.52986	1	1	0	0.5	0	0.5	0	
15.466	1	0	2.62388	1	1	0	1	0	1	0	2.62388	1	1	0	1	0	1	0	2.62388	1	1	0	1	0	1	0	1	0	1	0	1	0	2.62388	1	1	0	0.666667	1	0.333333	0	
15.683	1.2	1	2.09911	0	1	0	1	0	1.2	1	2.09911	0	1	0	1.2	1	1	0	2.09911	0	1	0	1.2	1	1	0	1	0	1	0	1	0	2.49911	1	1	0	0.666667	1	0.666667	1	
15.888	2.36	1	1.67929	0	1	0	1	0	2.36	1	1.67929	0	1	0	2.36	1	1	0	1.67929	0	1	0	2.36	1	1	0	1	0	1	0	1	0	3.39929	1	1	0	0.666667	1	0.666667	1	
16.15	2.288	1	1.34343	0	1	0	1	0	2.288	1	1.34343	0	1	0	2.288	1	1	0	1.34343	0	1	0	2.288	1	1	0	1	0	1	0	1	0	3.11943	1	1	0	0.666667	1	0.666667	1	
16.362	3.2304	1	1.07474	0	1	0	1	0	3.2304	1	1.07474	0	1	0	3.2304	1	1	0	1.07474	0	1	0	3.2304	1	1	0	1	0	1	0	1	0	3.89554	1	1	0	0.666667	1	0.666667	1	
16.573	2.98432	1	1	0	1	0	1	0	2.98432	1	1	0	1	0	2.98432	1	1	0	1	0	1	0	2.58432	0	1.2	1	1	0	1	0	1	0	3.51643	1	1	0	0.666667	1	0.666667	1	
16.763	3.78746	1	1	0	1	0	1	0	3.78746	1	1	0	1	0	3.78746	1	1	0	1	0	1	0	2.06746	0	2.36	1	1	0	1	0	1	0	4.21315	1	1	0	0.666667	1	0.666667	1	
16.972	3.42996	1	1	0	1	0	1	0	3.42996	1	1	0	1	0	3.42996	1	1	0	1	0	1	0	1.65396	0	2.288	1	1	0	1	0	1	0	3.77052	1	1	0	0.666667	1	0.666667	1	
17.197	3.14397	1	1	0	1	0	1	0	3.14397	1	1	0	1	0	3.14397	1	1	0	1	0	1	0	1.32317	0	2.2304	1	1	0	1	0	1	0	3.41641	1	1	0	0.666667	1	0.666667	1	
17.392	2.91518	1	1	0	1	0	1	0	2.91518	1	1	0	1	0	2.91518	1	1	0	1	0	1	0	1.05854	0	2.18432	1	1	0	1	0	1	0	3.13313	1	1	0	0.666667	1	0.666667	1	
17.655	3.73214	1	1	0	2.2	1	1	0	2.33214	0	1	0	2.2	1	2.33214	0	1	0	1	0	1	0	1	0	1.74746	0	2.2	1	1	0	1	0	2.50651	0	2.2	1	0.666667	1	0.333333	0	
17.935	3.38571	1	1	0	2.16	1	1	0	1.86571	0	1	0	2.16	1	1.86571	0	1	0	1	0	1	0	1	0	1.39796	0	2.16	1	1	0	1	0	2.0052	0	2.16	1	0.666667	1	0.333333	0	
18.166	4.10857	1	1	0	3.128	1	1	0	1.49257	0	1	0	3.128	1	1.49257	0	1	0	1	0	1	0	1	0	1.11837	0	3.128	1	1	0	1	0	1.60416	0	3.128	1	0.666667	1	0.333333	0	
18.464	3.68686	1	1	0	2.9024	1	1	0	1.19406	0	1	0	2.9024	1	1.19406	0	1	0	1	0	1	0	1	0	1	0	2.9024	1	1	0	1	0	1.28333	0	2.9024	1	0.666667	1	0.333333	0	
18.799	2.94949	1	1	0	2.32192	0	1	0	1	1	1	0	2.32192	1	1	0	1	0	1	0	1	0	1	0	1	0	2.32192	0	1	1	1	0	1.02666	0	2.32192	0	0.5	0	0.5	0	
18.999	2.35959	0	1.2	1	1.85754	0	1	0	1	0	1.2	1	1.85754	0	1	0	1	0	1	0	1	0	1.2	1	1	0	1.85754	0	1	0	1	0	1	0	2.25754	1	0.666667	1	0.666667	1	
19.179	1.88767	0	1.36	1	1.48603	0	1	0	1	0	1.36	1	1.48603	0	1	0	1	0	1	0	1.2	1	1	0	1	0	1.48603	0	1	0	1	0	1	0	2.20603	1	0.666667	1	0.666667	1	
19.381	1.51014	0	2.488	1	1.18882	0	1	0	1	0	2.488	1	1.18882	0	1	0	1	0	1	0	2.36	1	1	0	1	0	1.18882	0	1	0	1	0	1	0	3.16482	1	0.666667	1	0.666667	1	
19.597	1.20811	1	1.9904	0	1	0	1	1	1	0	1.9904	0	1	0	1	1	1	0	1	1	1.888	0	1	0	1	0	1	0	1	0	1	1	1	0	2.53186	0	0.5	0	0.5	0	
19.823	1	1	1.59232	0	1	0	1	1	1	0	1.59232	0	1	0	1	1	1	0	1	1	1.5104	0	1	0	1	0	1	0	1	0	1	1	1	0	2.02549	0	0.5	0	0.5	0	
20.018	1	1	1.27386	0	1	0	1	1	1	0	1.27386	0	1	0	1	1	1	0	1	1	1.20832	0	1	0	1	0	1	0	1	0	1	1	1	0	1.62039	0	0.5	0	0.5	0	
20.245	1	1	1.01908	0	1	0	1	1	1	0	1.01908	0	1	0	1	1	1	0	1	1	1	0	1	0	1	0	1	0	1	0	1	1	1	0	1.29631	0	0.5	0	0.5	0	
20.457	1	1	1	0	1	0	1	1	1	0	1	0	1	0	1	1	1	0	1	1	1	0	1	0	1	0	1	0	1	0	1	1	1	0	1.03705	0	0.5	0	0.5	0	
20.75	1	0	1	1	1	0	1	1	1	0	1	0	1	0	1	0	1	1	1	1	1	0	1	0	1	0	1	0	1	0	1	1	1	0	1	0	0.5	0	0.5	0	
21.032	1	0	2.2	1	1	0	2.2	1	1	0	1	0	1	0	1	0	2.2	1	2.2	1	1	0	1	0	1	0	1	0	1	0	2.2	1	1	0	1	0	0.666667	1	0.333333	0	
21.284	1	0	2.16	1	1	0	2.16	1	1	0	1	0	1	0	1	0	2.16	1	2.16	1	1	0	1	0	1	0	1	0	1	0	2.16	1	1	0	1	0	0.666667	1	0.333333	0	
21.535	1	0	1.728	1	1	0	1.728	1	1	0	1	0	1	0	1	0	1.728	1	1.728	1	1	0	1	0	1	0	1	0	1	0	1.728	1	1	0	1	0	0.5	0	0.5	0	
21.812	1	0	1.3824	1	1	1	1.3824	0	1	0	1	0	1	1	1	0	1.3824	0	1.3824	1	1	0	1	0	1	0	1	0	1	0	1.3824	1	1	0	1	0	0.5	0	0.5	0	
22.232	1	1	1.10592	0	1	1	1.10592	0	1	0	1	0	1	1	1	0	1.10592	0	1.10592	0	1	1	1	0	1	0	1	0	1	0	1.10592	1	1	0	1	0	0.5	0	0.5	0	
22.568	1	1	1	0	1	1	1	0	1	0	1	0	1	1	1	0	1	0	1	0	1	1	1	0	1	0	1	0	1	0	1	1	1	0	1	0	0.5	0	0.5	0	
22.774	1	0	1.2	1	1	0	1	0	1	0	1.2	1	1	0	1	0	1	0	1	0	1	0	1.2	1	1	0	1	0	1	0	1	0	1.2	1	1	0	0.666667	1	0.666667	1	
22.989	1	0	1.36	1	1	0	1	0	1	0	1.36	1	1	0	1	0	1	0	1	0	1	0	1.36	1	1	0	1	0	1	0	1	0	1.36	1	1	0	0.666667	1	0.666667	1	
23.16	1	0	1.488	1	1	0	1	0	1	0	1.488	1	1	0	1	0	1	0	1	0	1	0	1.488	1	1	0	1	0	1	0	1	0	1.488	1	1	0	0.666667	1	0.666667	1	
23.327	1	0	1.5904	1	1	0	1	0	1	0	1.5904	1	1	0	1	0	1	0	1	0	1	0	1.5904	1	1	0	1	0	1	0	1	0	1.5904	1	1	0	0.666667	1	0.666667	1	
23.473	1	0	1.67232	1	1	0	1	0	1	0	1.67232	1	1	0	1	0	1	0	1	0	1	0	1.67232	1	1	0	1	0	1	0	1	0	1.67232	1	1	0	0.666667	1	0.666667	1	
23.887	1	0	1.33786	1	1	0	1	0	1	1	1.33786	0	1	0	1	0	1	1	1	0	1	0	1.33786	1	1	0	1	0	1	0	1	0	1.33786	1	1	0	0.5	0	0.5	0	
24.307	1	0	1.07028	1	1	0	1	0	1	1	1.07028	0	1	0	1	0	1	1	1	0	1	0	1.07028	1	1	0	1	0	1	0	1	0	1.07028	1	1	0	0.5	0	0.5	0	
24.713	1	0	1	1	1	0	1	0	1	1	1	0	1	0	1	0	1	1	1	0	1	0	1	1	1	0	1	0	1	0	1	0	1	1	1	0	0.5	0	0.5	0	
25.132	1	1	1	0	1	1	1	0	1	0	1	0	1	1	1	0	1	0	1	0	1	0	1	0	1	1	1	0	1	0	1	0	1	1	1	0	0.5	0	0.5	0	
25.506	1	1	1	0	1	1	1	0	1	0	1	0	1	1	1	0	1	0	1	0	1	0	1	0	1	1	1	0	1	0	1	0	1	1	1	0	0.5	0	0.5	0	
25.686	1	0	1.2	1	1.2	1	1	0	1	0	1	0	1	0	1.2	1	1	0	1	0	1	0	1	0	1.2	1	1	0	1	0	1	0	1.2	1	1	0	0.666667	1	0.666667	1	
25.847	1	0	1.36	1	1.36	1	1	0	1	0	1	0	1	0	1.36	1	1	0	1	0	1	0	1	0	1.36	1	1	0	1	0	1	0	1.36	1	1	0	0.666667	1	0.666667	1	
26.059	1	0	2.488	1	2.488	1	1	0	1	0	1	0	1	0	2.488	1	1	0	1	0	1	0	1	0	2.488	1	1	0	1	0	1	0	2.488	1	1	0	0.666667	1	0.666667	1	
26.265	1	0	2.3904	1	2.3904	1	1	0	1	0	1	0	1	0	2.3904	1	1	0	1	0	1	0	1	0	2.3904	1	1	0	1	0	1	0	2.3904	1	1	0	0.666667	1	0.666667	1	
26.43	1	0	1.91232	1	1.91232	1	1	0	1	0	1	0	1	0	1.91232	1	1	0	1	0	1	0	1	0	1.91232	1	1	0	1	0	1	0	1.91232	1	1	0	0.5	0	0.5	0	
26.667	1.2	1	1.52986	0	1.52986	0	1	0	1.2	1	1	0	1	0	1.52986	0	1.2	1	1	0	1	0	1	0	1.52986	0	1	0	1.2	1	1	0	1.52986	0	1	0	0.666667	1	0.333333	0	
26.908	1	1	1.22388	0	1.22388	0	1	0	1	1	1	0	1	0	1.22388	0	1	1	1	0	1	0	1	0	1.22388	0	1	0	1	1	1	0	1.22388	0	1	0	0.5	0	0.5	0	
27.149	1	1	1	0	1	0	1	0	1	1	1	0	1	0	1	0	1	1	1	0	1	0	1	0	1	0	1	0	1	1	1	0	1	0	1	0	0.5	0	0.5	0	
27.437	1.2	1	1	0	1	0	1	0	1.2	1	1	0	1	0	1	0	1.2	1	1	0	1	0	1	0	1	0	1	0	1.2	1	1	0	1	0	1	0	0.666667	1	0.333333	0	
27.704	1	0	1.2	1	1	0	1	0	1.36	1	1	0	1.2	1	1	0	1	0	1.2	1	1	0	1	0	1	0	1	0	1	0	1	0	1	0	1.2	1	0.666667	1	0.666667	1	
27.986	1	0	2.36	1	1	0	1	0	2.488	1	1	0	2.36	1	1	0	1	0	2.36	1	1	0	1	0	1	0	1	0	1	0	1	0	1	0	2.36	1	0.666667	1	0.666667	1	
28.292	1	0	3.288	1	1	0	1	0	3.3904	1	1	0	3.288	1	1	0	1	0	3.288	1	1	0	1	0	1	0	1	0	1	0	1	0	1	0	3.288	1	0.666667	1	0.666667	1	
28.614	1	0	4.0304	1	1	0	1	0	4.11232	1	1	0	4.0304	1	1	0	1	0	4.0304	1	1	0	1	0	1	0	1	0	1	0	1	0	1	0	4.0304	1	0.666667	1	0.666667	1	
28.888	1	0	3.22432	1	1	0	1	1	3.28986	0	1	0	3.22432	1	1	0	1	0	3.22432	1	1	0	1	0	1	0	1	0	1	0	1	0	1	0	3.22432	1	0.5	0	0.5	0	
29.152	2.4	1	2.57946	0	1	0	2.4	1	2.63188	0	1	0	4.17946	1	1	0	1	0	4.17946	1	1	0	1	0	1	0	1	0	1	0	1	0	1	0	4.17946	1	0.666667	1	0.666667	1	
29.391	2.32	1	2.06356	0	1	0	2.32	1	2.10551	0	1	0	3.74356	1	1	0	1	0	3.74356	1	1	0	1	0	1	0	1	0	1	0	1	0	1	0	3.74356	1	0.666667	1	0.666667	1	
29.509	1.856	0	2.05085	1	1	0	1.856	0	1.68441	0	1.2	1	2.99485	0	1	0	1	0	2.99485	0	1	0	1	0	1.2	1	1	0	1	0	1	0	1.2	1	2.99485	0	0.666667	1	0.333333	0	
29.628	1.4848	0	2.04068	1	1	0	1.4848	0	1.34753	0	1.36	1	2.39588	0	1	0	1	0	2.39588	0	1	0	1	0	1.36	1	1	0	1	0	1	0	1.36	1	2.39588	0	0.666667	1	0.333333	0	
29.795	1.18784	0	3.03255	1	1	0	1.18784	0	1.07802	0	2.488	1	1.91671	0	1	0	1	0	1.91671	0	1	0	1	0	2.488	1	1	0	1	0	1	0	2.488	1	1.91671	0	0.666667	1	0.333333	0	
29.938	1	0	3.82604	1	1	0	1	0	1	0	3.3904	1	1.53336	0	1	0	1	0	1.53336	0	1	0	1	0	3.3904	1	1	0	1	0	1	0	3.3904	1	1.53336	0	0.666667	1	0.333333	0	
30.117	1	0	4.66083	1	1	0	1	0	1	0	4.31232	1	1.22669	0	1	0	1	0	1.22669	0	1	0	1	0	4.31232	1	1	0	1	0	1	0	4.31232	1	1.22669	0	0.666667	1	0.333333	0	
