time stamp	Weights of nodefirst	Calls of nodefirst	Weights of pathfirst	Calls of pathfirst	Weights of Node Random Removal	Calls of Node Random Removal	Weights of nodeNullDestroy	Calls of nodeNullDestroy	Weights of Node Random Insert	Calls of Node Random Insert	Weights of Path Average-Length-Difference Removal	Calls of Path Average-Length-Difference Removal	Weights of Path Average-Length Removal	Calls of Path Average-Length Removal	Weights of Path Cardinality Removal	Calls of Path Cardinality Removal	Weights of Path Node-Frequency Removal	Calls of Path Node-Frequency Removal	Weights of Path Random Removal	Calls of Path Random Removal	Weights of pathNullDestroy	Calls of pathNullDestroy	Weights of Path K-max Length Insert	Calls of Path K-max Length Insert	Weights of Path Node-Frequency Insert	Calls of Path Node-Frequency Insert	Weights of Path Random Insert	Calls of Path Random Insert	
0.016	1	0	1	1	1	0	1	1	1	0	1	0	1	1	1	0	1	0	1	0	4	0	1	1	1	0	1	0	
0.142	1	0	1	1	1	1	1	0	1	1	1	0	1	0	1	0	1	0	1	1	3.2	0	1	1	1	0	1	0	
0.159	1	0	1	1	1	1	1	0	1	1	1	0	1	0	1	0	1	0	1	1	2.56	0	1	1	1	0	1	0	
0.261	1	0	1	1	1	1	1	0	1	1	1	0	1	0	1	0	1	0	1	1	2.048	0	1	1	1	0	1	0	
0.278	1	0	1	1	1	1	1	0	1	1	1	0	1	0	1	0	1	0	1	1	1.6384	0	1	1	1	0	1	0	
0.376	1	0	1	1	1	1	1	0	1	1	1	0	1	0	1	0	1	0	1	1	1.31072	0	1	1	1	0	1	0	
0.392	1	0	1	1	1	1	1	0	1	1	1	0	1	0	1	0	1	0	1	1	1.04858	0	1	1	1	0	1	0	
0.495	1	0	1	1	1	1	1	0	1	1	1	0	1	0	1	0	1	0	1	1	1	0	1	1	1	0	1	0	
0.513	1	0	1	1	1	1	1	0	1	1	1	0	1	0	1	0	1	0	1	1	1	0	1	1	1	0	1	0	
0.607	1	0	1	1	1	1	1	0	1	1	1	0	1	0	1	0	1	0	1	1	1	0	1	1	1	0	1	0	
0.628	1	0	1	1	1	1	1	0	1	1	1	0	1	0	1	0	1	0	1	1	1	0	1	1	1	0	1	0	
0.727	1	0	1	1	1	1	1	0	1	1	1	0	1	0	1	0	1	0	1	1	1	0	1	1	1	0	1	0	
0.825	2.2	1	1	0	2.2	1	1	0	2.2	1	2.2	1	1	0	1	0	1	0	1	0	1	0	2.2	1	1	0	1	0	
0.934	2.16	1	1	0	2.16	1	1	0	2.16	1	1.76	0	1.2	1	1	0	1	0	1	0	1	0	2.16	1	1	0	1	0	
1.041	3.128	1	1	0	3.128	1	1	0	3.128	1	2.808	1	1	0	1	0	1	0	1	0	1	0	3.128	1	1	0	1	0	
1.135	2.9024	1	1	0	2.9024	1	1	0	2.9024	1	2.2464	0	1.2	1	1	0	1	0	1	0	1	0	2.9024	1	1	0	1	0	
1.227	3.72192	1	1	0	3.72192	1	1	0	3.72192	1	3.19712	1	1	0	1	0	1	0	1	0	1	0	3.72192	1	1	0	1	0	
1.33	2.97754	1	1	0	2.97754	1	1	0	2.97754	1	2.5577	0	1	1	1	0	1	0	1	0	1	0	2.97754	1	1	0	1	0	
1.421	3.78203	1	1	0	3.78203	1	1	0	3.78203	1	3.44616	1	1	0	1	0	1	0	1	0	1	0	3.78203	1	1	0	1	0	
1.524	3.42562	1	1	0	3.42562	1	1	0	3.42562	1	3.15693	1	1	0	1	0	1	0	1	0	1	0	3.42562	1	1	0	1	0	
1.629	2.7405	1	1	0	2.7405	1	1	0	2.7405	1	2.52554	1	1	0	1	0	1	0	1	0	1	0	2.7405	1	1	0	1	0	
1.727	3.5924	1	1	0	3.5924	1	1	0	3.5924	1	3.42043	1	1	0	1	0	1	0	1	0	1	0	3.5924	1	1	0	1	0	
1.833	2.87392	1	1	0	2.87392	1	1	0	2.87392	1	2.73635	0	1	0	1	0	1	1	1	0	1	0	2.87392	1	1	0	1	0	
1.885	2.29914	0	2.2	1	3.69914	1	1	0	3.69914	1	3.58908	1	1	0	1	0	1	0	1	0	1	0	3.69914	1	1	0	1	0	
1.977	1.83931	1	1.76	0	2.95931	1	1	0	2.95931	1	2.87126	0	1	0	1	0	1	1	1	0	1	0	2.95931	1	1	0	1	0	
2.065	1.47145	0	1.808	1	2.76745	1	1	0	2.76745	1	2.69701	1	1	0	1	0	1	0	1	0	1	0	2.76745	1	1	0	1	0	
2.085	1.17716	0	2.8464	1	2.21396	0	2.2	1	2.21396	0	2.15761	0	1	0	1	0	2.2	1	1	0	1	0	3.61396	1	1	0	1	0	
2.106	1	0	2.67712	1	1.77117	0	2.16	1	1.77117	0	1.72609	0	1	0	1	0	2.16	1	1	0	1	0	2.89117	0	1.2	1	1	0	
2.128	1	0	3.5417	1	1.41693	0	3.128	1	1.41693	0	1.38087	0	1	0	1	0	3.128	1	1	0	1	0	3.71293	1	1	0	1	0	
2.149	1	0	4.23336	1	1.13355	0	3.9024	1	1.13355	0	1.10469	0	1	0	1	0	3.9024	1	1	0	1	0	2.97035	0	2.2	1	1	0	
2.17	1	0	3.78669	1	1	0	3.52192	1	1	0	1	0	1	0	1	0	3.52192	1	1	0	1	0	2.37628	0	2.16	1	1	0	
2.191	1	0	4.42935	1	1	0	4.21754	1	1	0	1	0	1	0	1	0	4.21754	1	1	0	1	0	3.30102	1	1.728	0	1	0	
2.213	1	0	3.94348	1	1	0	3.77403	1	1	0	1	0	1	0	1	0	3.77403	1	1	0	1	0	2.64082	0	1.7824	1	1	0	
2.232	1	0	4.55478	1	1	0	4.41922	1	1	0	1	0	1	0	1	0	4.41922	1	1	0	1	0	3.51265	1	1.42592	0	1	0	
2.251	1	0	3.64383	1	1	0	3.53538	1	1	0	1	0	1	0	1	0	3.53538	1	1	0	1	0	2.81012	0	1.14074	1	1	0	
2.272	1	0	2.91506	1	1	0	2.8283	1	1	0	1	0	1	0	1	0	2.8283	1	1	0	1	0	2.2481	1	1	0	1	0	
2.292	1	0	3.73205	1	1	0	3.66264	1	1	0	1	0	1	0	1	0	3.66264	1	1	0	1	0	3.19848	1	1	0	1	0	
2.313	1	0	2.98564	1	1	0	2.93011	1	1	0	1	0	1	0	1	0	2.93011	1	1	0	1	0	2.55878	0	1	1	1	0	
2.333	1	0	3.78851	1	1	0	3.74409	1	1	0	1	0	1	0	1	0	3.74409	1	1	0	1	0	3.44703	1	1	0	1	0	
2.351	1	0	3.03081	1	1	0	2.99527	1	1	0	1	0	1	0	1	0	2.99527	1	1	0	1	0	2.75762	0	1	1	1	0	
2.37	1	0	2.42465	1	1	0	2.39622	1	1	0	1	0	1	0	1	0	2.39622	1	1	0	1	0	2.2061	1	1	0	1	0	
2.389	1	0	3.33972	1	1	0	3.31697	1	1	0	1	0	1	0	1	0	3.31697	1	1	0	1	0	3.16488	1	1	0	1	0	
2.409	1	0	2.67177	1	1	0	2.65358	1	1	0	1	0	1	0	1	0	2.65358	1	1	0	1	0	2.5319	0	1	1	1	0	
2.429	1	0	3.53742	1	1	0	3.52286	1	1	0	1	0	1	0	1	0	3.52286	1	1	0	1	0	3.42552	1	1	0	1	0	
2.447	1	0	2.82994	1	1	0	2.81829	1	1	0	1	0	1	0	1	0	2.81829	1	1	0	1	0	2.74042	0	1	1	1	0	
2.467	1	0	2.26395	1	1	0	2.25463	1	1	0	1	0	1	0	1	0	2.25463	1	1	0	1	0	2.19233	1	1	0	1	0	
2.485	1	0	3.21116	1	1	0	3.20371	1	1	0	1	0	1	0	1	0	3.20371	1	1	0	1	0	3.15387	1	1	0	1	0	
2.505	1	0	2.56893	1	1	0	2.56296	1	1	0	1	0	1	0	1	0	2.56296	1	1	0	1	0	2.52309	0	1	1	1	0	
2.525	1	0	3.45514	1	1	0	3.45037	1	1	0	1	0	1	0	1	0	3.45037	1	1	0	1	0	3.41847	1	1	0	1	0	
2.545	1	0	2.76411	1	1	0	2.7603	1	1	0	1	0	1	0	1	0	2.7603	1	1	0	1	0	2.73478	0	1	1	1	0	
2.569	1	0	2.21129	1	1	0	2.20824	1	1	0	1	0	1	0	1	0	2.20824	1	1	0	1	0	2.18782	1	1	0	1	0	
2.59	1	0	3.16903	1	1	0	3.16659	1	1	0	1	0	1	0	1	0	3.16659	1	1	0	1	0	3.15026	1	1	0	1	0	
2.612	1	0	2.53523	1	1	0	2.53327	1	1	0	1	0	1	0	1	0	2.53327	1	1	0	1	0	2.52021	0	1	1	1	0	
2.63	1	0	3.42818	1	1	0	3.42662	1	1	0	1	0	1	0	1	0	3.42662	1	1	0	1	0	3.41617	1	1	0	1	0	
2.652	1	0	2.74254	1	1	0	2.74129	1	1	0	1	0	1	0	1	0	2.74129	1	1	0	1	0	2.73293	0	1	1	1	0	
2.67	1	0	2.19404	1	1	0	2.19304	1	1	0	1	0	1	0	1	0	2.19304	1	1	0	1	0	2.18635	1	1	0	1	0	
2.684	1	0	1.75523	1	1	0	1.75443	1	1	0	1	1	1	0	1	0	1.75443	0	1	0	1	0	1.74908	1	1	0	1	0	
2.698	1	0	1.40418	1	1	0	1.40354	1	1	0	1	1	1	0	1	0	1.40354	0	1	0	1	0	1.39926	1	1	0	1	0	
2.754	1	1	1.12335	0	1	1	1.12283	0	1	1	1	0	1	1	1	0	1.12283	0	1	0	1	0	1.11941	0	1	1	1	0	
2.818	1	1	1	0	1	1	1	0	1	1	1	0	1	1	1	0	1	0	1	0	1	0	1	0	1	1	1	0	
2.872	1	1	1	0	1	1	1	0	1	1	1	0	1	1	1	0	1	0	1	0	1	0	1	0	1	1	1	0	
2.93	1	1	1	0	1	1	1	0	1	1	1	0	1	1	1	0	1	0	1	0	1	0	1	0	1	1	1	0	
2.989	1	1	1	0	1	1	1	0	1	1	1	0	1	1	1	0	1	0	1	0	1	0	1	0	1	1	1	0	
3.046	1	1	1	0	1	1	1	0	1	1	1	0	1	1	1	0	1	0	1	0	1	0	1	0	1	1	1	0	
3.097	1	1	1	0	1	1	1	0	1	1	1	0	1	1	1	0	1	0	1	0	1	0	1	0	1	1	1	0	
3.156	1	1	1	0	1	1	1	0	1	1	1	0	1	1	1	0	1	0	1	0	1	0	1	0	1	1	1	0	
3.206	1	1	1	0	1	1	1	0	1	1	1	0	1	1	1	0	1	0	1	0	1	0	1	0	1	1	1	0	
3.261	1	1	1	0	1	1	1	0	1	1	1	0	1	1	1	0	1	0	1	0	1	0	1	0	1	1	1	0	
3.314	1	1	1	0	1	1	1	0	1	1	1	0	1	1	1	0	1	0	1	0	1	0	1	0	1	1	1	0	
3.367	1	1	1	0	1	1	1	0	1	1	1	0	1	1	1	0	1	0	1	0	1	0	1	0	1	1	1	0	
3.425	1	1	1	0	1	1	1	0	1	1	1	0	1	1	1	0	1	0	1	0	1	0	1	0	1	1	1	0	
3.483	1	1	1	0	1	1	1	0	1	1	1	0	1	1	1	0	1	0	1	0	1	0	1	0	1	1	1	0	
3.538	1	1	1	0	1	1	1	0	1	1	1	0	1	1	1	0	1	0	1	0	1	0	1	0	1	1	1	0	
3.595	1	1	1	0	1	1	1	0	1	1	1	0	1	1	1	0	1	0	1	0	1	0	1	0	1	1	1	0	
3.647	1	1	1	0	1	1	1	0	1	1	1	0	1	1	1	0	1	0	1	0	1	0	1	0	1	1	1	0	
3.704	1	1	1	0	1	1	1	0	1	1	1	0	1	1	1	0	1	0	1	0	1	0	1	0	1	1	1	0	
3.724	1	0	1	1	1	1	1	0	1	1	1	0	1	1	1	0	1	0	1	0	1	0	1	0	1	1	1	0	
3.744	1	0	1	1	1	1	1	0	1	1	1	0	1	1	1	0	1	0	1	0	1	0	1	0	1	1	1	0	
3.764	1	0	1	1	1	1	1	0	1	1	1	0	1	1	1	0	1	0	1	0	1	0	1	0	1	1	1	0	
3.784	1	0	1	1	1	1	1	0	1	1	1	0	1	1	1	0	1	0	1	0	1	0	1	0	1	1	1	0	
3.804	1	0	1	1	1	1	1	0	1	1	1	0	1	1	1	0	1	0	1	0	1	0	1	0	1	1	1	0	
3.826	1	0	1	1	1	1	1	0	1	1	1	0	1	1	1	0	1	0	1	0	1	0	1	0	1	1	1	0	
3.846	1	0	1	1	1	1	1	0	1	1	1	0	1	1	1	0	1	0	1	0	1	0	1	0	1	1	1	0	
3.866	1	0	1	1	1	1	1	0	1	1	1	0	1	1	1	0	1	0	1	0	1	0	1	0	1	1	1	0	
3.886	1	0	1	1	1	1	1	0	1	1	1	0	1	1	1	0	1	0	1	0	1	0	1	0	1	1	1	0	
3.909	1	0	1	1	1	1	1	0	1	1	1	0	1	1	1	0	1	0	1	0	1	0	1	0	1	1	1	0	
3.93	1	0	1	1	1	1	1	0	1	1	1	0	1	1	1	0	1	0	1	0	1	0	1	0	1	1	1	0	
3.95	1	0	1	1	1	1	1	0	1	1	1	0	1	1	1	0	1	0	1	0	1	0	1	0	1	1	1	0	
3.97	1	0	1	1	1	1	1	0	1	1	1	0	1	1	1	0	1	0	1	0	1	0	1	0	1	1	1	0	
3.991	1	0	1	1	1	1	1	0	1	1	1	0	1	1	1	0	1	0	1	0	1	0	1	0	1	1	1	0	
4.015	1	0	1	1	1	1	1	0	1	1	1	0	1	1	1	0	1	0	1	0	1	0	1	0	1	1	1	0	
4.037	1	0	1	1	1	1	1	0	1	1	1	0	1	1	1	0	1	0	1	0	1	0	1	0	1	1	1	0	
4.056	1	0	1	1	1	1	1	0	1	1	1	0	1	1	1	0	1	0	1	0	1	0	1	0	1	1	1	0	
4.076	1	0	1	1	1	1	1	0	1	1	1	0	1	1	1	0	1	0	1	0	1	0	1	0	1	1	1	0	
4.097	1	0	1	1	1	1	1	0	1	1	1	0	1	1	1	0	1	0	1	0	1	0	1	0	1	1	1	0	
4.118	1	0	1	1	1	1	1	0	1	1	1	0	1	1	1	0	1	0	1	0	1	0	1	0	1	1	1	0	
4.138	1	0	1	1	1	1	1	0	1	1	1	0	1	1	1	0	1	0	1	0	1	0	1	0	1	1	1	0	
4.161	1	0	1	1	1	1	1	0	1	1	1	0	1	1	1	0	1	0	1	0	1	0	1	0	1	1	1	0	
4.183	1	0	1	1	1	1	1	0	1	1	1	0	1	1	1	0	1	0	1	0	1	0	1	0	1	1	1	0	
4.203	1	0	1	1	1	1	1	0	1	1	1	0	1	1	1	0	1	0	1	0	1	0	1	0	1	1	1	0	
4.227	1	0	1	1	1	1	1	0	1	1	1	0	1	1	1	0	1	0	1	0	1	0	1	0	1	1	1	0	
4.247	1	0	1	1	1	1	1	0	1	1	1	0	1	1	1	0	1	0	1	0	1	0	1	0	1	1	1	0	
4.267	1	0	1	1	1	1	1	0	1	1	1	0	1	1	1	0	1	0	1	0	1	0	1	0	1	1	1	0	
4.287	1	0	1	1	1	1	1	0	1	1	1	0	1	1	1	0	1	0	1	0	1	0	1	0	1	1	1	0	
4.307	1	0	1	1	1	1	1	0	1	1	1	0	1	1	1	0	1	0	1	0	1	0	1	0	1	1	1	0	
4.33	1	0	1	1	1	1	1	0	1	1	1	0	1	1	1	0	1	0	1	0	1	0	1	0	1	1	1	0	
4.35	1	0	1	1	1	1	1	0	1	1	1	0	1	1	1	0	1	0	1	0	1	0	1	0	1	1	1	0	
4.371	1	0	1	1	1	1	1	0	1	1	1	0	1	1	1	0	1	0	1	0	1	0	1	0	1	1	1	0	
4.392	1	0	1	1	1	1	1	0	1	1	1	0	1	1	1	0	1	0	1	0	1	0	1	0	1	1	1	0	
4.412	1	0	1	1	1	1	1	0	1	1	1	0	1	1	1	0	1	0	1	0	1	0	1	0	1	1	1	0	
4.436	1	0	1	1	1	1	1	0	1	1	1	0	1	1	1	0	1	0	1	0	1	0	1	0	1	1	1	0	
4.457	1	0	1	1	1	1	1	0	1	1	1	0	1	1	1	0	1	0	1	0	1	0	1	0	1	1	1	0	
4.477	1	0	1	1	1	1	1	0	1	1	1	0	1	1	1	0	1	0	1	0	1	0	1	0	1	1	1	0	
4.508	1	0	1	1	1	1	1	0	1	1	1	0	1	1	1	0	1	0	1	0	1	0	1	0	1	1	1	0	
4.531	1	0	1	1	1	1	1	0	1	1	1	0	1	1	1	0	1	0	1	0	1	0	1	0	1	1	1	0	
4.556	1	0	1	1	1	1	1	0	1	1	1	0	1	1	1	0	1	0	1	0	1	0	1	0	1	1	1	0	
4.579	1	0	1	1	1	1	1	0	1	1	1	0	1	1	1	0	1	0	1	0	1	0	1	0	1	1	1	0	
4.6	1	0	1	1	1	1	1	0	1	1	1	0	1	1	1	0	1	0	1	0	1	0	1	0	1	1	1	0	
4.619	1	0	1	1	1	1	1	0	1	1	1	0	1	1	1	0	1	0	1	0	1	0	1	0	1	1	1	0	
4.638	1	0	1	1	1	1	1	0	1	1	1	0	1	1	1	0	1	0	1	0	1	0	1	0	1	1	1	0	
4.664	1	0	1	1	1	1	1	0	1	1	1	0	1	1	1	0	1	0	1	0	1	0	1	0	1	1	1	0	
4.684	1	0	1	1	1	1	1	0	1	1	1	0	1	1	1	0	1	0	1	0	1	0	1	0	1	1	1	0	
4.742	1	1	1	0	1	1	1	0	1	1	1	0	1	0	1	0	1	1	1	0	1	0	1	0	1	1	1	0	
4.804	1	1	1	0	1	1	1	0	1	1	1	0	1	0	1	0	1	1	1	0	1	0	1	0	1	1	1	0	
4.861	1	1	1	0	1	1	1	0	1	1	1	0	1	0	1	0	1	1	1	0	1	0	1	0	1	1	1	0	
4.915	1	1	1	0	1	1	1	0	1	1	1	0	1	0	1	0	1	1	1	0	1	0	1	0	1	1	1	0	
4.971	1	1	1	0	1	1	1	0	1	1	1	0	1	0	1	0	1	1	1	0	1	0	1	0	1	1	1	0	
5.029	1	1	1	0	1	1	1	0	1	1	1	0	1	0	1	0	1	1	1	0	1	0	1	0	1	1	1	0	
5.085	1	1	1	0	1	1	1	0	1	1	1	0	1	0	1	0	1	1	1	0	1	0	1	0	1	1	1	0	
5.142	1	1	1	0	1	1	1	0	1	1	1	0	1	0	1	0	1	1	1	0	1	0	1	0	1	1	1	0	
5.2	1	1	1	0	1	1	1	0	1	1	1	0	1	0	1	0	1	1	1	0	1	0	1	0	1	1	1	0	
5.254	1	1	1	0	1	1	1	0	1	1	1	0	1	0	1	0	1	1	1	0	1	0	1	0	1	1	1	0	
5.311	1	1	1	0	1	1	1	0	1	1	1	0	1	0	1	0	1	1	1	0	1	0	1	0	1	1	1	0	
5.366	1	1	1	0	1	1	1	0	1	1	1	0	1	0	1	0	1	1	1	0	1	0	1	0	1	1	1	0	
5.421	1	1	1	0	1	1	1	0	1	1	1	0	1	0	1	0	1	1	1	0	1	0	1	0	1	1	1	0	
5.478	1	1	1	0	1	1	1	0	1	1	1	0	1	0	1	0	1	1	1	0	1	0	1	0	1	1	1	0	
5.536	1	1	1	0	1	1	1	0	1	1	1	0	1	0	1	0	1	1	1	0	1	0	1	0	1	1	1	0	
5.593	1	1	1	0	1	1	1	0	1	1	1	0	1	0	1	0	1	1	1	0	1	0	1	0	1	1	1	0	
5.645	1	1	1	0	1	1	1	0	1	1	1	0	1	0	1	0	1	1	1	0	1	0	1	0	1	1	1	0	
5.698	1	1	1	0	1	1	1	0	1	1	1	0	1	0	1	0	1	1	1	0	1	0	1	0	1	1	1	0	
5.769	1	1	1	0	1	1	1	0	1	1	1	0	1	0	1	0	1	1	1	0	1	0	1	0	1	0	1	1	
5.838	1	1	1	0	1	1	1	0	1	1	1	0	1	0	1	0	1	1	1	0	1	0	1	0	1	0	1	1	
5.901	1	1	1	0	1	1	1	0	1	1	1	0	1	0	1	0	1	1	1	0	1	0	1	0	1	0	1	1	
5.963	1	1	1	0	1	1	1	0	1	1	1	0	1	0	1	0	1	1	1	0	1	0	1	0	1	0	1	1	
6.026	1	1	1	0	1	1	1	0	1	1	1	0	1	0	1	0	1	1	1	0	1	0	1	0	1	0	1	1	
6.096	1	1	1	0	1	1	1	0	1	1	1	0	1	0	1	0	1	1	1	0	1	0	1	0	1	0	1	1	
6.161	1	1	1	0	1	1	1	0	1	1	1	0	1	0	1	0	1	1	1	0	1	0	1	0	1	0	1	1	
6.222	1	1	1	0	1	1	1	0	1	1	1	0	1	0	1	0	1	1	1	0	1	0	1	0	1	0	1	1	
6.289	1	1	1	0	1	1	1	0	1	1	1	0	1	0	1	0	1	1	1	0	1	0	1	0	1	0	1	1	
6.351	1	1	1	0	1	1	1	0	1	1	1	0	1	0	1	0	1	1	1	0	1	0	1	0	1	0	1	1	
6.421	1	1	1	0	1	1	1	0	1	1	1	0	1	0	1	0	1	1	1	0	1	0	1	0	1	0	1	1	
6.488	1	1	1	0	1	1	1	0	1	1	1	0	1	0	1	0	1	1	1	0	1	0	1	0	1	0	1	1	
6.554	1	1	1	0	1	1	1	0	1	1	1	0	1	0	1	0	1	1	1	0	1	0	1	0	1	0	1	1	
6.621	1	1	1	0	1	1	1	0	1	1	1	0	1	0	1	0	1	1	1	0	1	0	1	0	1	0	1	1	
6.686	1	1	1	0	1	1	1	0	1	1	1	0	1	0	1	0	1	1	1	0	1	0	1	0	1	0	1	1	
6.742	1	0	1.2	1	1.2	1	1	0	1.2	1	1	0	1	0	1	0	1.2	1	1	0	1	0	1	0	1	0	1.2	1	
6.804	1	0	2.36	1	2.36	1	1	0	2.36	1	1	0	1	0	1	0	2.36	1	1	0	1	0	1	0	1	0	2.36	1	
6.92	1.2	1	1.888	0	2.288	1	1	0	2.288	1	1	0	1	0	1.2	1	1.888	0	1	0	1	0	1	0	1	0	2.288	1	
6.998	1	0	2.9104	1	3.2304	1	1	0	3.2304	1	1	0	1	0	1	0	2.9104	1	1	0	1	0	1	0	1	0	3.2304	1	
7.103	1	1	2.32832	0	2.58432	1	1	0	2.58432	1	1	0	1	0	1	1	2.32832	0	1	0	1	0	1	0	1	0	2.58432	1	
7.164	1	0	1.86266	1	2.06746	1	1	0	2.06746	1	1	0	1	0	1	0	1.86266	1	1	0	1	0	1	0	1	0	2.06746	1	
7.228	1	0	2.89012	1	3.05396	1	1	0	3.05396	1	1	0	1	0	1	0	2.89012	1	1	0	1	0	1	0	1	0	3.05396	1	
7.349	1	1	2.3121	0	2.44317	1	1	0	2.44317	1	1	0	1	0	1	1	2.3121	0	1	0	1	0	1	0	1	0	2.44317	1	
7.443	1	0	3.24968	1	3.35454	1	1	0	3.35454	1	1	0	1	0	1	0	3.24968	1	1	0	1	0	1	0	1	0	3.35454	1	
7.542	1	1	2.59974	0	2.68363	1	1	0	2.68363	1	1	0	1	0	1	1	2.59974	0	1	0	1	0	1	0	1	0	2.68363	1	
7.601	1	0	2.0798	1	2.1469	1	1	0	2.1469	1	1	0	1	0	1	0	2.0798	1	1	0	1	0	1	0	1	0	2.1469	1	
7.668	1	0	3.06384	1	3.11752	1	1	0	3.11752	1	1	0	1	0	1	0	3.06384	1	1	0	1	0	1	0	1	0	3.11752	1	
7.723	1	0	2.45107	1	2.49402	1	1	0	2.49402	1	1	0	1	0	1	0	2.45107	1	1	0	1	0	1	0	1	0	2.49402	1	
7.779	1	1	1.96086	0	1.99521	1	1	0	1.99521	1	1	0	1	0	1	0	1.96086	0	1	0	1	1	1	0	1	0	1.99521	0	
7.834	1	1	1.56868	0	1.59617	1	1	0	1.59617	1	1	0	1	0	1	0	1.56868	0	1	0	1	1	1	0	1	0	1.59617	0	
7.891	1	1	1.25495	0	1.27694	1	1	0	1.27694	1	1	0	1	0	1	0	1.25495	0	1	0	1	1	1	0	1	0	1.27694	0	
7.943	1	1	1.00396	0	1.02155	1	1	0	1.02155	1	1	0	1	0	1	0	1.00396	0	1	0	1	1	1	0	1	0	1.02155	0	
7.995	1	1	1	0	1	1	1	0	1	1	1	0	1	0	1	0	1	0	1	0	1	1	1	0	1	0	1	0	
8.048	1	1	1	0	1	1	1	0	1	1	1	0	1	0	1	0	1	0	1	0	1	1	1	0	1	0	1	0	
8.1	1	1	1	0	1	1	1	0	1	1	1	0	1	0	1	0	1	0	1	0	1	1	1	0	1	0	1	0	
8.158	1	1	1	0	1	1	1	0	1	1	1	0	1	0	1	0	1	0	1	0	1	1	1	0	1	0	1	0	
8.209	1	1	1	0	1	1	1	0	1	1	1	0	1	0	1	0	1	0	1	0	1	1	1	0	1	0	1	0	
8.259	1	1	1	0	1	1	1	0	1	1	1	0	1	0	1	0	1	0	1	0	1	1	1	0	1	0	1	0	
8.31	1	1	1	0	1	1	1	0	1	1	1	0	1	0	1	0	1	0	1	0	1	1	1	0	1	0	1	0	
8.364	1	1	1	0	1	1	1	0	1	1	1	0	1	0	1	0	1	0	1	0	1	1	1	0	1	0	1	0	
8.415	1	1	1	0	1	1	1	0	1	1	1	0	1	0	1	0	1	0	1	0	1	1	1	0	1	0	1	0	
8.468	1	1	1	0	1	1	1	0	1	1	1	0	1	0	1	0	1	0	1	0	1	1	1	0	1	0	1	0	
8.518	1	1	1	0	1	1	1	0	1	1	1	0	1	0	1	0	1	0	1	0	1	1	1	0	1	0	1	0	
8.571	1	1	1	0	1	1	1	0	1	1	1	0	1	0	1	0	1	0	1	0	1	1	1	0	1	0	1	0	
8.621	1	1	1	0	1	1	1	0	1	1	1	0	1	0	1	0	1	0	1	0	1	1	1	0	1	0	1	0	
8.675	1	1	1	0	1	1	1	0	1	1	1	0	1	0	1	0	1	0	1	0	1	1	1	0	1	0	1	0	
8.696	1	0	1	1	1	0	1	1	1	0	1	0	1	0	1	0	1	0	1	1	1	0	1	0	1	0	1	1	
8.71	1	0	1.2	1	1	0	1.2	1	1	0	1	0	1	0	1	0	1	0	1.2	1	1	0	1	0	1	0	1.2	1	
8.726	1	0	1	1	1	0	1	1	1	0	1	0	1	0	1	0	1	0	1	1	1	0	1	0	1	0	1	1	
8.743	1	0	2.2	1	1	0	2.2	1	1	0	1	0	1	0	1	0	1	0	2.2	1	1	0	1	0	1	0	2.2	1	
8.765	1	0	2.16	1	1	0	2.16	1	1	0	1	0	1	0	1	0	1	0	2.16	1	1	0	1	0	1	0	2.16	1	
8.783	1	0	1.728	1	1	0	1.728	1	1	0	1	0	1	0	1	0	1	0	1.728	1	1	0	1	0	1	0	1.728	1	
8.801	1	0	2.7824	1	1	0	2.7824	1	1	0	1	0	1	0	1	0	1	0	2.7824	1	1	0	1	0	1	0	2.7824	1	
8.818	1	0	2.22592	1	1	0	2.22592	1	1	0	1	0	1	0	1	0	1	0	2.22592	1	1	0	1	0	1	0	2.22592	1	
8.836	1	0	1.78074	1	1	0	1.78074	1	1	0	1	0	1	0	1	0	1	0	1.78074	1	1	0	1	0	1	0	1.78074	1	
8.855	1	0	1.42459	1	1	0	1.42459	1	1	0	1	0	1	0	1	0	1	0	1.42459	1	1	0	1	0	1	0	1.42459	1	
8.874	1	0	1.13967	1	1	0	1.13967	1	1	0	1	0	1	0	1	0	1	0	1.13967	1	1	0	1	0	1	0	1.13967	1	
8.891	1	0	1	1	1	0	1	1	1	0	1	0	1	0	1	0	1	0	1	1	1	0	1	0	1	0	1	1	
8.909	1	0	2.2	1	1	0	2.2	1	1	0	1	0	1	0	1	0	1	0	2.2	1	1	0	1	0	1	0	2.2	1	
8.924	1	0	1.76	1	1	0	1.76	1	1	0	1	0	1	0	1	0	1	0	1.76	1	1	0	1	0	1	0	1.76	1	
8.945	1	0	1.408	1	1	0	1.408	1	1	0	1	0	1	0	1	0	1	0	1.408	1	1	0	1	0	1	0	1.408	1	
8.962	1	0	1.1264	1	1	0	1.1264	1	1	0	1	0	1	0	1	0	1	0	1.1264	1	1	0	1	0	1	0	1.1264	1	
8.981	1	0	2.30112	1	1	0	2.30112	1	1	0	1	0	1	0	1	0	1	0	2.30112	1	1	0	1	0	1	0	2.30112	1	
8.999	1	0	1.8409	1	1	0	1.8409	1	1	0	1	0	1	0	1	0	1	0	1.8409	1	1	0	1	0	1	0	1.8409	1	
9.018	1	0	1.47272	1	1	0	1.47272	1	1	0	1	0	1	0	1	0	1	0	1.47272	1	1	0	1	0	1	0	1.47272	1	
9.035	1	0	1.17817	1	1	0	1.17817	1	1	0	1	0	1	0	1	0	1	0	1.17817	1	1	0	1	0	1	0	1.17817	1	
9.053	1	0	1	1	1	0	1	1	1	0	1	0	1	0	1	0	1	0	1	1	1	0	1	0	1	0	1	1	
9.069	1	0	1	1	1	0	1	1	1	0	1	0	1	0	1	0	1	0	1	1	1	0	1	0	1	0	1	1	
9.087	1	0	2.2	1	1	0	2.2	1	1	0	1	0	1	0	1	0	1	0	2.2	1	1	0	1	0	1	0	2.2	1	
9.102	1	0	1.76	1	1	0	1.76	1	1	0	1	0	1	0	1	0	1	0	1.76	1	1	0	1	0	1	0	1.76	1	
9.122	1	0	1.408	1	1	0	1.408	1	1	0	1	0	1	0	1	0	1	0	1.408	1	1	0	1	0	1	0	1.408	1	
9.14	1	0	1.1264	1	1	0	1.1264	1	1	0	1	0	1	0	1	0	1	0	1.1264	1	1	0	1	0	1	0	1.1264	1	
9.16	1	0	2.30112	1	1	0	2.30112	1	1	0	1	0	1	0	1	0	1	0	2.30112	1	1	0	1	0	1	0	2.30112	1	
9.175	1	0	1.8409	1	1	0	1.8409	1	1	0	1	0	1	0	1	0	1	0	1.8409	1	1	0	1	0	1	0	1.8409	1	
9.196	1	0	1.47272	1	1	0	1.47272	1	1	0	1	0	1	0	1	0	1	0	1.47272	1	1	0	1	0	1	0	1.47272	1	
9.214	1	0	1.17817	1	1	0	1.17817	1	1	0	1	0	1	0	1	0	1	0	1.17817	1	1	0	1	0	1	0	1.17817	1	
9.233	1	0	1	1	1	0	1	1	1	0	1	0	1	0	1	0	1	0	1	1	1	0	1	0	1	0	1	1	
9.251	1	0	1	1	1	0	1	1	1	0	1	0	1	0	1	0	1	0	1	1	1	0	1	0	1	0	1	1	
9.268	1	0	2.2	1	1	0	2.2	1	1	0	1	0	1	0	1	0	1	0	2.2	1	1	0	1	0	1	0	2.2	1	
9.282	1	0	1.76	1	1	0	1.76	1	1	0	1	0	1	0	1	0	1	0	1.76	1	1	0	1	0	1	0	1.76	1	
9.302	1	0	1.408	1	1	0	1.408	1	1	0	1	0	1	0	1	0	1	0	1.408	1	1	0	1	0	1	0	1.408	1	
9.319	1	0	1.1264	1	1	0	1.1264	1	1	0	1	0	1	0	1	0	1	0	1.1264	1	1	0	1	0	1	0	1.1264	1	
9.336	1	0	2.30112	1	1	0	2.30112	1	1	0	1	0	1	0	1	0	1	0	2.30112	1	1	0	1	0	1	0	2.30112	1	
9.351	1	0	1.8409	1	1	0	1.8409	1	1	0	1	0	1	0	1	0	1	0	1.8409	1	1	0	1	0	1	0	1.8409	1	
9.371	1	0	1.47272	1	1	0	1.47272	1	1	0	1	0	1	0	1	0	1	0	1.47272	1	1	0	1	0	1	0	1.47272	1	
9.388	1	0	1.17817	1	1	0	1.17817	1	1	0	1	0	1	0	1	0	1	0	1.17817	1	1	0	1	0	1	0	1.17817	1	
9.406	1	0	1	1	1	0	1	1	1	0	1	0	1	0	1	0	1	0	1	1	1	0	1	0	1	0	1	1	
9.424	1	0	1	1	1	0	1	1	1	0	1	0	1	0	1	0	1	0	1	1	1	0	1	0	1	0	1	1	
9.441	1	0	2.2	1	1	0	2.2	1	1	0	1	0	1	0	1	0	1	0	2.2	1	1	0	1	0	1	0	2.2	1	
9.458	1	0	1.76	1	1	0	1.76	1	1	0	1	0	1	0	1	0	1	0	1.76	1	1	0	1	0	1	0	1.76	1	
9.478	1	0	1.408	1	1	0	1.408	1	1	0	1	0	1	0	1	0	1	0	1.408	1	1	0	1	0	1	0	1.408	1	
9.494	1	0	1.1264	1	1	0	1.1264	1	1	0	1	0	1	0	1	0	1	0	1.1264	1	1	0	1	0	1	0	1.1264	1	
9.51	1	0	2.30112	1	1	0	2.30112	1	1	0	1	0	1	0	1	0	1	0	2.30112	1	1	0	1	0	1	0	2.30112	1	
9.524	1	0	1.8409	1	1	0	1.8409	1	1	0	1	0	1	0	1	0	1	0	1.8409	1	1	0	1	0	1	0	1.8409	1	
9.541	1	0	1.47272	1	1	0	1.47272	1	1	0	1	0	1	0	1	0	1	0	1.47272	1	1	0	1	0	1	0	1.47272	1	
9.56	1	0	1.17817	1	1	0	1.17817	1	1	0	1	0	1	0	1	0	1	0	1.17817	1	1	0	1	0	1	0	1.17817	1	
9.58	1	0	1	1	1	0	1	1	1	0	1	0	1	0	1	0	1	0	1	1	1	0	1	0	1	0	1	1	
9.598	1	0	1	1	1	0	1	1	1	0	1	0	1	0	1	0	1	0	1	1	1	0	1	0	1	0	1	1	
9.614	1	0	2.2	1	1	0	2.2	1	1	0	1	0	1	0	1	0	1	0	2.2	1	1	0	1	0	1	0	2.2	1	
9.628	1	0	1.76	1	1	0	1.76	1	1	0	1	0	1	0	1	0	1	0	1.76	1	1	0	1	0	1	0	1.76	1	
9.648	1	0	1.408	1	1	0	1.408	1	1	0	1	0	1	0	1	0	1	0	1.408	1	1	0	1	0	1	0	1.408	1	
9.669	1	0	1.1264	1	1	0	1.1264	1	1	0	1	0	1	0	1	0	1	0	1.1264	1	1	0	1	0	1	0	1.1264	1	
9.734	1	1	1	0	1	1	1	0	1	1	1	1	1	0	1	0	1	0	1	0	1	0	1	1	1	0	1	0	
9.793	1	1	1	0	1	1	1	0	1	1	1	1	1	0	1	0	1	0	1	0	1	0	1	1	1	0	1	0	
9.855	1	1	1	0	1	1	1	0	1	1	1	1	1	0	1	0	1	0	1	0	1	0	1	1	1	0	1	0	
9.913	1	1	1	0	1	1	1	0	1	1	1	1	1	0	1	0	1	0	1	0	1	0	1	1	1	0	1	0	
9.969	1	1	1	0	1	1	1	0	1	1	1	1	1	0	1	0	1	0	1	0	1	0	1	1	1	0	1	0	
10.024	1	1	1	0	1	1	1	0	1	1	1	1	1	0	1	0	1	0	1	0	1	0	1	1	1	0	1	0	
10.078	1	1	1	0	1	1	1	0	1	1	1	1	1	0	1	0	1	0	1	0	1	0	1	1	1	0	1	0	
10.131	1	1	1	0	1	1	1	0	1	1	1	1	1	0	1	0	1	0	1	0	1	0	1	1	1	0	1	0	
10.186	1	1	1	0	1	1	1	0	1	1	1	1	1	0	1	0	1	0	1	0	1	0	1	1	1	0	1	0	
10.241	1	1	1	0	1	1	1	0	1	1	1	1	1	0	1	0	1	0	1	0	1	0	1	1	1	0	1	0	
10.295	1	1	1	0	1	1	1	0	1	1	1	1	1	0	1	0	1	0	1	0	1	0	1	1	1	0	1	0	
10.349	1	1	1	0	1	1	1	0	1	1	1	1	1	0	1	0	1	0	1	0	1	0	1	1	1	0	1	0	
10.404	1	1	1	0	1	1	1	0	1	1	1	1	1	0	1	0	1	0	1	0	1	0	1	1	1	0	1	0	
10.463	1	1	1	0	1	1	1	0	1	1	1	1	1	0	1	0	1	0	1	0	1	0	1	1	1	0	1	0	
10.518	1	1	1	0	1	1	1	0	1	1	1	1	1	0	1	0	1	0	1	0	1	0	1	1	1	0	1	0	
10.571	1	1	1	0	1	1	1	0	1	1	1	1	1	0	1	0	1	0	1	0	1	0	1	1	1	0	1	0	
10.627	1	1	1	0	1	1	1	0	1	1	1	1	1	0	1	0	1	0	1	0	1	0	1	1	1	0	1	0	
10.682	1	1	1	0	1	1	1	0	1	1	1	1	1	0	1	0	1	0	1	0	1	0	1	1	1	0	1	0	
10.701	1	0	1	1	1	1	1	0	1	1	1	0	1	1	1	0	1	0	1	0	1	0	1	1	1	0	1	0	
10.779	1	0	1	1	1	1	1	0	1	1	1	0	1	1	1	0	1	0	1	0	1	0	1	1	1	0	1	0	
10.795	1	0	1	1	1	1	1	0	1	1	1	0	1	1	1	0	1	0	1	0	1	0	1	1	1	0	1	0	
10.873	1	0	1	1	1	1	1	0	1	1	1	0	1	1	1	0	1	0	1	0	1	0	1	1	1	0	1	0	
10.892	1	0	1	1	1	1	1	0	1	1	1	0	1	1	1	0	1	0	1	0	1	0	1	1	1	0	1	0	
10.971	1	0	1	1	1	1	1	0	1	1	1	0	1	1	1	0	1	0	1	0	1	0	1	1	1	0	1	0	
10.987	1	0	1	1	1	1	1	0	1	1	1	0	1	1	1	0	1	0	1	0	1	0	1	1	1	0	1	0	
11.062	1	0	1	1	1	1	1	0	1	1	1	0	1	1	1	0	1	0	1	0	1	0	1	1	1	0	1	0	
11.078	1	0	1	1	1	1	1	0	1	1	1	0	1	1	1	0	1	0	1	0	1	0	1	1	1	0	1	0	
11.156	1	0	1	1	1	1	1	0	1	1	1	0	1	1	1	0	1	0	1	0	1	0	1	1	1	0	1	0	
11.177	1	0	1	1	1	1	1	0	1	1	1	0	1	1	1	0	1	0	1	0	1	0	1	1	1	0	1	0	
11.252	1	0	1	1	1	1	1	0	1	1	1	0	1	1	1	0	1	0	1	0	1	0	1	1	1	0	1	0	
11.267	1	0	1	1	1	1	1	0	1	1	1	0	1	1	1	0	1	0	1	0	1	0	1	1	1	0	1	0	
11.342	1	0	1	1	1	1	1	0	1	1	1	0	1	1	1	0	1	0	1	0	1	0	1	1	1	0	1	0	
11.359	1	0	1	1	1	1	1	0	1	1	1	0	1	1	1	0	1	0	1	0	1	0	1	1	1	0	1	0	
11.44	1	0	1	1	1	1	1	0	1	1	1	0	1	1	1	0	1	0	1	0	1	0	1	1	1	0	1	0	
11.457	1	0	1	1	1	1	1	0	1	1	1	0	1	1	1	0	1	0	1	0	1	0	1	1	1	0	1	0	
11.533	1	0	1	1	1	1	1	0	1	1	1	0	1	1	1	0	1	0	1	0	1	0	1	1	1	0	1	0	
11.551	1	0	1	1	1	1	1	0	1	1	1	0	1	1	1	0	1	0	1	0	1	0	1	1	1	0	1	0	
11.633	1	0	1	1	1	1	1	0	1	1	1	0	1	1	1	0	1	0	1	0	1	0	1	1	1	0	1	0	
11.654	1	0	1	1	1	1	1	0	1	1	1	0	1	1	1	0	1	0	1	0	1	0	1	1	1	0	1	0	
11.763	1	0	1	1	1	1	1	0	1	1	1	0	1	1	1	0	1	0	1	0	1	0	1	1	1	0	1	0	
11.853	1	1	1	0	1	1	1	0	1	1	1	0	1	0	1	1	1	0	1	0	1	0	1	1	1	0	1	0	
11.947	1	1	1	0	1	1	1	0	1	1	1	0	1	0	1	1	1	0	1	0	1	0	1	1	1	0	1	0	
12.041	1	1	1	0	1	1	1	0	1	1	1	0	1	0	1	1	1	0	1	0	1	0	1	1	1	0	1	0	
12.137	1	1	1	0	1	1	1	0	1	1	1	0	1	0	1	1	1	0	1	0	1	0	1	1	1	0	1	0	
12.234	1	1	1	0	1	1	1	0	1	1	1	0	1	0	1	1	1	0	1	0	1	0	1	1	1	0	1	0	
12.332	1	1	1	0	1	1	1	0	1	1	1	0	1	0	1	1	1	0	1	0	1	0	1	1	1	0	1	0	
12.429	1	1	1	0	1	1	1	0	1	1	1	0	1	0	1	1	1	0	1	0	1	0	1	1	1	0	1	0	
12.532	1	1	1	0	1	1	1	0	1	1	1	0	1	0	1	1	1	0	1	0	1	0	1	1	1	0	1	0	
12.634	1	1	1	0	1	1	1	0	1	1	1	0	1	0	1	1	1	0	1	0	1	0	1	1	1	0	1	0	
12.741	1	1	1	0	1	1	1	0	1	1	1	0	1	0	1	1	1	0	1	0	1	0	1	1	1	0	1	0	
12.762	1	0	2.2	1	1	0	2.2	1	1	0	2.2	1	1	0	1	0	1	0	1	0	1	0	1	0	2.2	1	1	0	
12.864	2.2	1	1.76	0	2.2	1	1.76	0	2.2	1	3.16	1	1	0	1	0	1	0	1	0	1	0	1	0	3.16	1	1	0	
12.97	1.76	1	1.408	0	1.76	1	1.408	0	1.76	1	2.528	1	1	0	1	0	1	0	1	0	1	0	1	0	2.528	1	1	0	
12.993	1.408	0	1.5264	1	1.408	0	1.5264	1	1.408	0	2.4224	1	1	0	1	0	1	0	1	0	1	0	1	0	2.4224	1	1	0	
13.014	1.1264	0	2.62112	1	1.1264	0	2.62112	1	1.1264	0	3.33792	1	1	0	1	0	1	0	1	0	1	0	1	0	3.33792	1	1	0	
13.116	1	1	2.0969	0	1	1	2.0969	0	1	1	2.67034	1	1	0	1	0	1	0	1	0	1	0	1	0	2.67034	1	1	0	
13.136	1	0	3.07752	1	1	0	3.07752	1	1	0	3.53627	1	1	0	1	0	1	0	1	0	1	0	1	0	3.53627	1	1	0	
13.247	1	1	2.46201	0	1	1	2.46201	0	1	1	2.82902	1	1	0	1	0	1	0	1	0	1	0	1	0	2.82902	1	1	0	
13.271	1	0	1.96961	1	1	0	1.96961	1	1	0	2.26321	1	1	0	1	0	1	0	1	0	1	0	1	0	2.26321	1	1	0	
13.292	1	0	2.97569	1	1	0	2.97569	1	1	0	3.21057	1	1	0	1	0	1	0	1	0	1	0	1	0	3.21057	1	1	0	
13.403	1	1	2.38055	0	1	1	2.38055	0	1	1	2.56846	1	1	0	1	0	1	0	1	0	1	0	1	0	2.56846	1	1	0	
13.422	1	0	3.30444	1	1	0	3.30444	1	1	0	3.45476	1	1	0	1	0	1	0	1	0	1	0	1	0	3.45476	1	1	0	
13.528	1	1	2.64355	0	1	1	2.64355	0	1	1	2.76381	1	1	0	1	0	1	0	1	0	1	0	1	0	2.76381	1	1	0	
13.549	1	0	2.11484	1	1	0	2.11484	1	1	0	2.21105	1	1	0	1	0	1	0	1	0	1	0	1	0	2.21105	1	1	0	
13.569	1	0	3.09187	1	1	0	3.09187	1	1	0	3.16884	1	1	0	1	0	1	0	1	0	1	0	1	0	3.16884	1	1	0	
13.671	1	1	2.4735	0	1	1	2.4735	0	1	1	2.53507	1	1	0	1	0	1	0	1	0	1	0	1	0	2.53507	1	1	0	
13.689	1	0	1.9788	1	1	0	1.9788	1	1	0	2.02806	0	1	1	1	0	1	0	1	0	1	0	1	0	2.02806	1	1	0	
13.708	1	0	1.58304	1	1	0	1.58304	1	1	0	1.62245	0	1	1	1	0	1	0	1	0	1	0	1	0	1.62245	1	1	0	
13.729	1	0	1.66643	1	1	0	1.66643	1	1	0	1.29796	0	1	0	1.2	1	1	0	1	0	1	0	1	0	1.69796	1	1	0	
13.751	1	0	1.33315	1	1	0	1.33315	1	1	0	1.03837	0	1	0	1	1	1	0	1	0	1	0	1	0	1.35837	1	1	0	
13.813	1	1	1.06652	0	1	1	1.06652	0	1	1	1	0	1	0	1	0	1	1	1	0	1	0	1	0	1.08669	1	1	0	
13.873	1	1	1	0	1	1	1	0	1	1	1	0	1	0	1	0	1	1	1	0	1	0	1	0	1	1	1	0	
13.934	1	1	1	0	1	1	1	0	1	1	1	0	1	0	1	0	1	1	1	0	1	0	1	0	1	1	1	0	
13.99	1	1	1	0	1	1	1	0	1	1	1	0	1	0	1	0	1	1	1	0	1	0	1	0	1	1	1	0	
14.048	1	1	1	0	1	1	1	0	1	1	1	0	1	0	1	0	1	1	1	0	1	0	1	0	1	1	1	0	
14.102	1	1	1	0	1	1	1	0	1	1	1	0	1	0	1	0	1	1	1	0	1	0	1	0	1	1	1	0	
14.161	1	1	1	0	1	1	1	0	1	1	1	0	1	0	1	0	1	1	1	0	1	0	1	0	1	1	1	0	
14.218	1	1	1	0	1	1	1	0	1	1	1	0	1	0	1	0	1	1	1	0	1	0	1	0	1	1	1	0	
14.277	1	1	1	0	1	1	1	0	1	1	1	0	1	0	1	0	1	1	1	0	1	0	1	0	1	1	1	0	
14.33	1	1	1	0	1	1	1	0	1	1	1	0	1	0	1	0	1	1	1	0	1	0	1	0	1	1	1	0	
14.387	1	1	1	0	1	1	1	0	1	1	1	0	1	0	1	0	1	1	1	0	1	0	1	0	1	1	1	0	
14.441	1	1	1	0	1	1	1	0	1	1	1	0	1	0	1	0	1	1	1	0	1	0	1	0	1	1	1	0	
14.497	1	1	1	0	1	1	1	0	1	1	1	0	1	0	1	0	1	1	1	0	1	0	1	0	1	1	1	0	
14.554	1	1	1	0	1	1	1	0	1	1	1	0	1	0	1	0	1	1	1	0	1	0	1	0	1	1	1	0	
14.61	1	1	1	0	1	1	1	0	1	1	1	0	1	0	1	0	1	1	1	0	1	0	1	0	1	1	1	0	
14.668	1	1	1	0	1	1	1	0	1	1	1	0	1	0	1	0	1	1	1	0	1	0	1	0	1	1	1	0	
14.691	1	0	1	1	1	1	1	0	1	1	1	0	1	0	1	0	1	1	1	0	1	0	1	0	1	1	1	0	
14.714	1	0	1	1	1	1	1	0	1	1	1	0	1	0	1	0	1	1	1	0	1	0	1	0	1	1	1	0	
14.738	1	0	1	1	1	1	1	0	1	1	1	0	1	0	1	0	1	1	1	0	1	0	1	0	1	1	1	0	
14.76	1	0	1	1	1	1	1	0	1	1	1	0	1	0	1	0	1	1	1	0	1	0	1	0	1	1	1	0	
14.781	1	0	1	1	1	1	1	0	1	1	1	0	1	0	1	0	1	1	1	0	1	0	1	0	1	1	1	0	
14.803	1	0	1	1	1	1	1	0	1	1	1	0	1	0	1	0	1	1	1	0	1	0	1	0	1	1	1	0	
14.825	1	0	1	1	1	1	1	0	1	1	1	0	1	0	1	0	1	1	1	0	1	0	1	0	1	1	1	0	
14.847	1	0	1	1	1	1	1	0	1	1	1	0	1	0	1	0	1	1	1	0	1	0	1	0	1	1	1	0	
14.866	1	0	1	1	1	1	1	0	1	1	1	0	1	0	1	0	1	1	1	0	1	0	1	0	1	1	1	0	
14.885	1	0	1	1	1	1	1	0	1	1	1	0	1	0	1	0	1	1	1	0	1	0	1	0	1	1	1	0	
14.903	1	0	1	1	1	1	1	0	1	1	1	0	1	0	1	0	1	1	1	0	1	0	1	0	1	1	1	0	
14.921	1	0	1	1	1	1	1	0	1	1	1	0	1	0	1	0	1	1	1	0	1	0	1	0	1	1	1	0	
14.943	1	0	1	1	1	1	1	0	1	1	1	0	1	0	1	0	1	1	1	0	1	0	1	0	1	1	1	0	
14.962	1	0	1	1	1	1	1	0	1	1	1	0	1	0	1	0	1	1	1	0	1	0	1	0	1	1	1	0	
14.982	1	0	1	1	1	1	1	0	1	1	1	0	1	0	1	0	1	1	1	0	1	0	1	0	1	1	1	0	
15.004	1	0	1	1	1	1	1	0	1	1	1	0	1	0	1	0	1	1	1	0	1	0	1	0	1	1	1	0	
15.025	1	0	1	1	1	1	1	0	1	1	1	0	1	0	1	0	1	1	1	0	1	0	1	0	1	1	1	0	
15.048	1	0	1	1	1	1	1	0	1	1	1	0	1	0	1	0	1	1	1	0	1	0	1	0	1	1	1	0	
15.07	1	0	1	1	1	1	1	0	1	1	1	0	1	0	1	0	1	1	1	0	1	0	1	0	1	1	1	0	
15.092	1	0	1	1	1	1	1	0	1	1	1	0	1	0	1	0	1	1	1	0	1	0	1	0	1	1	1	0	
15.111	1	0	1	1	1	1	1	0	1	1	1	0	1	0	1	0	1	1	1	0	1	0	1	0	1	1	1	0	
15.13	1	0	1	1	1	1	1	0	1	1	1	0	1	0	1	0	1	1	1	0	1	0	1	0	1	1	1	0	
15.153	1	0	1	1	1	1	1	0	1	1	1	0	1	0	1	0	1	1	1	0	1	0	1	0	1	1	1	0	
15.175	1	0	1	1	1	1	1	0	1	1	1	0	1	0	1	0	1	1	1	0	1	0	1	0	1	1	1	0	
15.196	1	0	1	1	1	1	1	0	1	1	1	0	1	0	1	0	1	1	1	0	1	0	1	0	1	1	1	0	
15.217	1	0	1	1	1	1	1	0	1	1	1	0	1	0	1	0	1	1	1	0	1	0	1	0	1	1	1	0	
15.239	1	0	1	1	1	1	1	0	1	1	1	0	1	0	1	0	1	1	1	0	1	0	1	0	1	1	1	0	
15.262	1	0	1	1	1	1	1	0	1	1	1	0	1	0	1	0	1	1	1	0	1	0	1	0	1	1	1	0	
15.282	1	0	1	1	1	1	1	0	1	1	1	0	1	0	1	0	1	1	1	0	1	0	1	0	1	1	1	0	
15.302	1	0	1	1	1	1	1	0	1	1	1	0	1	0	1	0	1	1	1	0	1	0	1	0	1	1	1	0	
15.322	1	0	1	1	1	1	1	0	1	1	1	0	1	0	1	0	1	1	1	0	1	0	1	0	1	1	1	0	
15.343	1	0	1	1	1	1	1	0	1	1	1	0	1	0	1	0	1	1	1	0	1	0	1	0	1	1	1	0	
15.365	1	0	1	1	1	1	1	0	1	1	1	0	1	0	1	0	1	1	1	0	1	0	1	0	1	1	1	0	
15.385	1	0	1	1	1	1	1	0	1	1	1	0	1	0	1	0	1	1	1	0	1	0	1	0	1	1	1	0	
15.406	1	0	1	1	1	1	1	0	1	1	1	0	1	0	1	0	1	1	1	0	1	0	1	0	1	1	1	0	
15.425	1	0	1	1	1	1	1	0	1	1	1	0	1	0	1	0	1	1	1	0	1	0	1	0	1	1	1	0	
15.446	1	0	1	1	1	1	1	0	1	1	1	0	1	0	1	0	1	1	1	0	1	0	1	0	1	1	1	0	
15.471	1	0	1	1	1	1	1	0	1	1	1	0	1	0	1	0	1	1	1	0	1	0	1	0	1	1	1	0	
15.493	1	0	1	1	1	1	1	0	1	1	1	0	1	0	1	0	1	1	1	0	1	0	1	0	1	1	1	0	
15.513	1	0	1	1	1	1	1	0	1	1	1	0	1	0	1	0	1	1	1	0	1	0	1	0	1	1	1	0	
15.533	1	0	1	1	1	1	1	0	1	1	1	0	1	0	1	0	1	1	1	0	1	0	1	0	1	1	1	0	
15.552	1	0	1	1	1	1	1	0	1	1	1	0	1	0	1	0	1	1	1	0	1	0	1	0	1	1	1	0	
15.576	1	0	1	1	1	1	1	0	1	1	1	0	1	0	1	0	1	1	1	0	1	0	1	0	1	1	1	0	
15.598	1	0	1	1	1	1	1	0	1	1	1	0	1	0	1	0	1	1	1	0	1	0	1	0	1	1	1	0	
15.617	1	0	1	1	1	1	1	0	1	1	1	0	1	0	1	0	1	1	1	0	1	0	1	0	1	1	1	0	
15.637	1	0	1	1	1	1	1	0	1	1	1	0	1	0	1	0	1	1	1	0	1	0	1	0	1	1	1	0	
15.657	1	0	1	1	1	1	1	0	1	1	1	0	1	0	1	0	1	1	1	0	1	0	1	0	1	1	1	0	
15.682	1	0	1	1	1	1	1	0	1	1	1	0	1	0	1	0	1	1	1	0	1	0	1	0	1	1	1	0	
15.783	1.2	1	1	0	1.2	1	1	0	1.2	1	1	0	1	0	1	0	1	0	1.2	1	1	0	1	0	1	0	1.2	1	
15.898	1	1	1	0	1	1	1	0	1	1	1	0	1	0	1	0	1	0	1	1	1	0	1	0	1	0	1	1	
16.015	2.2	1	1	0	2.2	1	1	0	2.2	1	1	0	1	0	1	0	1	0	2.2	1	1	0	1	0	1	0	2.2	1	
16.125	2.16	1	1	0	2.16	1	1	0	2.16	1	1.2	1	1	0	1	0	1	0	1.76	0	1	0	1	0	1	0	2.16	1	
16.222	2.128	1	1	0	2.128	1	1	0	2.128	1	1	0	1	0	1	0	1	0	1.808	1	1	0	1	0	1	0	2.128	1	
16.34	2.1024	1	1	0	2.1024	1	1	0	2.1024	1	1	0	1	0	1	0	1	0	1.8464	1	1	0	1	0	1	0	2.1024	1	
16.462	3.08192	1	1	0	3.08192	1	1	0	3.08192	1	1	0	1	0	1	0	1	0	2.87712	1	1	0	1	0	1	0	3.08192	1	
16.611	2.46554	1	1	0	2.46554	1	1	0	2.46554	1	1	1	1	0	1	0	1	0	2.3017	0	1	0	1	0	1	0	2.46554	1	
16.749	1.97243	1	1	0	1.97243	1	1	0	1.97243	1	1	0	1	0	1	0	1	0	1.84136	1	1	0	1	0	1	0	1.97243	1	
16.832	1.57794	1	1	0	1.57794	1	1	0	1.57794	1	1	0	1	0	1	0	1	0	1.47309	0	1	1	1	0	1	0	1.57794	0	
16.902	1.26235	1	1	0	1.26235	1	1	0	1.26235	1	1	0	1	0	1	0	1	0	1.17847	0	1	1	1	0	1	0	1.26235	0	
16.971	1.00988	1	1	0	1.00988	1	1	0	1.00988	1	1	0	1	0	1	0	1	0	1	0	1	1	1	0	1	0	1.00988	0	
17.049	1	1	1	0	1	1	1	0	1	1	1	0	1	0	1	0	1	0	1	0	1	1	1	0	1	0	1	0	
17.123	1	1	1	0	1	1	1	0	1	1	1	0	1	0	1	0	1	0	1	0	1	1	1	0	1	0	1	0	
17.201	1	1	1	0	1	1	1	0	1	1	1	0	1	0	1	0	1	0	1	0	1	1	1	0	1	0	1	0	
17.268	1	1	1	0	1	1	1	0	1	1	1	0	1	0	1	0	1	0	1	0	1	1	1	0	1	0	1	0	
17.335	1	1	1	0	1	1	1	0	1	1	1	0	1	0	1	0	1	0	1	0	1	1	1	0	1	0	1	0	
17.402	1	1	1	0	1	1	1	0	1	1	1	0	1	0	1	0	1	0	1	0	1	1	1	0	1	0	1	0	
17.465	1	1	1	0	1	1	1	0	1	1	1	0	1	0	1	0	1	0	1	0	1	1	1	0	1	0	1	0	
17.529	1	1	1	0	1	1	1	0	1	1	1	0	1	0	1	0	1	0	1	0	1	1	1	0	1	0	1	0	
17.592	1	1	1	0	1	1	1	0	1	1	1	0	1	0	1	0	1	0	1	0	1	1	1	0	1	0	1	0	
17.66	1	1	1	0	1	1	1	0	1	1	1	0	1	0	1	0	1	0	1	0	1	1	1	0	1	0	1	0	
17.747	1	0	1	1	1	1	1	0	1	1	1	1	1	0	1	0	1	0	1	0	1	0	1	0	1	0	1	1	
17.842	1	0	1	1	1	1	1	0	1	1	1	1	1	0	1	0	1	0	1	0	1	0	1	0	1	0	1	1	
17.94	1	0	1	1	1	1	1	0	1	1	1	1	1	0	1	0	1	0	1	0	1	0	1	0	1	0	1	1	
18.025	1	0	1	1	1	1	1	0	1	1	1	1	1	0	1	0	1	0	1	0	1	0	1	0	1	0	1	1	
18.115	1	0	1	1	1	1	1	0	1	1	1	1	1	0	1	0	1	0	1	0	1	0	1	0	1	0	1	1	
18.204	1	0	1	1	1	1	1	0	1	1	1	1	1	0	1	0	1	0	1	0	1	0	1	0	1	0	1	1	
18.295	1	0	1	1	1	1	1	0	1	1	1	1	1	0	1	0	1	0	1	0	1	0	1	0	1	0	1	1	
18.385	1	0	1	1	1	1	1	0	1	1	1	1	1	0	1	0	1	0	1	0	1	0	1	0	1	0	1	1	
18.477	1	0	1	1	1	1	1	0	1	1	1	1	1	0	1	0	1	0	1	0	1	0	1	0	1	0	1	1	
18.563	1	0	1	1	1	1	1	0	1	1	1	1	1	0	1	0	1	0	1	0	1	0	1	0	1	0	1	1	
18.644	1	0	1	1	1	1	1	0	1	1	1	1	1	0	1	0	1	0	1	0	1	0	1	0	1	0	1	1	
18.731	1	0	1.2	1	1.2	1	1	0	1.2	1	1.2	1	1	0	1	0	1	0	1	0	1	0	1	0	1	0	1.2	1	
18.79	1	1	1	0	1	1	1	0	1	1	1	1	1	0	1	0	1	0	1	0	1	0	1	0	1	0	1	1	
18.84	1	1	1	0	1	1	1	0	1	1	1	0	1	1	1	0	1	0	1	0	1	0	1	0	1	0	1	1	
18.896	1	1	1	0	1	1	1	0	1	1	1	0	1	1	1	0	1	0	1	0	1	0	1	0	1	0	1	1	
18.949	1	1	1	0	1	1	1	0	1	1	1	0	1	1	1	0	1	0	1	0	1	0	1	0	1	0	1	1	
19.009	1	1	1	0	1	1	1	0	1	1	1	0	1	1	1	0	1	0	1	0	1	0	1	0	1	0	1	1	
19.064	1	1	1	0	1	1	1	0	1	1	1	0	1	1	1	0	1	0	1	0	1	0	1	0	1	0	1	1	
19.116	1	1	1	0	1	1	1	0	1	1	1	0	1	1	1	0	1	0	1	0	1	0	1	0	1	0	1	1	
19.168	1	1	1	0	1	1	1	0	1	1	1	0	1	1	1	0	1	0	1	0	1	0	1	0	1	0	1	1	
19.229	1	1	1	0	1	1	1	0	1	1	1	0	1	1	1	0	1	0	1	0	1	0	1	0	1	0	1	1	
19.308	1	1	1	0	1	1	1	0	1	1	1	0	1	1	1	0	1	0	1	0	1	0	1	0	1	0	1	1	
19.377	1	1	1	0	1	1	1	0	1	1	1	0	1	1	1	0	1	0	1	0	1	0	1	0	1	0	1	1	
19.431	1	1	1	0	1	1	1	0	1	1	1	0	1	1	1	0	1	0	1	0	1	0	1	0	1	0	1	1	
19.489	1	1	1	0	1	1	1	0	1	1	1	0	1	1	1	0	1	0	1	0	1	0	1	0	1	0	1	1	
19.541	1	1	1	0	1	1	1	0	1	1	1	0	1	1	1	0	1	0	1	0	1	0	1	0	1	0	1	1	
19.599	1	1	1	0	1	1	1	0	1	1	1	0	1	1	1	0	1	0	1	0	1	0	1	0	1	0	1	1	
19.659	1	1	1	0	1	1	1	0	1	1	1	0	1	1	1	0	1	0	1	0	1	0	1	0	1	0	1	1	
19.713	1	1	1	0	1	1	1	0	1	1	1	0	1	1	1	0	1	0	1	0	1	0	1	0	1	0	1	1	
19.734	1	0	1	1	1	0	1	1	1	0	1	0	1	1	1	0	1	0	1	0	1	0	1	1	1	0	1	0	
19.754	1	0	1.2	1	1	0	1.2	1	1	0	1	0	1.2	1	1	0	1	0	1	0	1	0	1.2	1	1	0	1	0	
19.775	1	0	2.36	1	1	0	2.36	1	1	0	1	0	2.36	1	1	0	1	0	1	0	1	0	2.36	1	1	0	1	0	
19.796	1	0	1.888	1	1	0	1.888	1	1	0	1	0	1.888	0	1	0	1	0	1	1	1	0	1.888	1	1	0	1	0	
19.815	1	0	1.9104	1	1	0	1.9104	1	1	0	1	0	1.9104	1	1	0	1	0	1	0	1	0	1.9104	1	1	0	1	0	
19.837	1	0	1.92832	1	1	0	1.92832	1	1	0	1	0	1.92832	1	1	0	1	0	1	0	1	0	1.92832	1	1	0	1	0	
19.858	1	0	2.94266	1	1	0	2.94266	1	1	0	1	0	2.94266	1	1	0	1	0	1	0	1	0	2.94266	1	1	0	1	0	
19.88	1	0	3.75412	1	1	0	3.75412	1	1	0	1	0	2.35412	0	1	0	1	0	2.2	1	1	0	3.75412	1	1	0	1	0	
19.901	1	0	3.4033	1	1	0	3.4033	1	1	0	1	0	1.8833	0	1	0	1	0	2.16	1	1	0	3.4033	1	1	0	1	0	
19.918	1	0	2.72264	1	1	0	2.72264	1	1	0	1	0	1.50664	1	1	0	1	0	1.728	0	1	0	2.72264	1	1	0	1	0	
19.936	1	0	3.57811	1	1	0	3.57811	1	1	0	1	0	2.60531	1	1	0	1	0	1.3824	0	1	0	3.57811	1	1	0	1	0	
19.957	1	0	4.26249	1	1	0	4.26249	1	1	0	1	0	2.08425	0	1	0	1	0	2.50592	1	1	0	4.26249	1	1	0	1	0	
19.976	1	0	3.40999	1	1	0	3.40999	1	1	0	1	0	1.6674	0	1	0	1	0	2.00474	1	1	0	3.40999	1	1	0	1	0	
19.996	1	0	2.72799	1	1	0	2.72799	1	1	0	1	0	1.33392	1	1	0	1	0	1.60379	0	1	0	2.72799	1	1	0	1	0	
20.016	1	0	2.18239	1	1	0	2.18239	1	1	0	1	0	1.06714	1	1	0	1	0	1.28303	0	1	0	2.18239	1	1	0	1	0	
20.036	1	0	3.14592	1	1	0	3.14592	1	1	0	1	0	2.25371	1	1	0	1	0	1.02642	0	1	0	3.14592	1	1	0	1	0	
20.057	1	0	3.91673	1	1	0	3.91673	1	1	0	1	0	1.80297	0	1	0	1	0	2.22114	1	1	0	3.91673	1	1	0	1	0	
20.075	1	0	3.13339	1	1	0	3.13339	1	1	0	1	0	1.44237	0	1	0	1	0	1.77691	1	1	0	3.13339	1	1	0	1	0	
20.093	1	0	2.50671	1	1	0	2.50671	1	1	0	1	0	1.1539	1	1	0	1	0	1.42153	0	1	0	2.50671	1	1	0	1	0	
20.113	1	0	2.00537	1	1	0	2.00537	1	1	0	1	0	1	1	1	0	1	0	1.13722	0	1	0	2.00537	1	1	0	1	0	
20.133	1	0	3.00429	1	1	0	3.00429	1	1	0	1	0	2.2	1	1	0	1	0	1	0	1	0	3.00429	1	1	0	1	0	
20.155	1	0	3.80343	1	1	0	3.80343	1	1	0	1	0	1.76	0	1	0	1	0	2.2	1	1	0	3.80343	1	1	0	1	0	
20.179	1	0	3.44275	1	1	0	3.44275	1	1	0	1	0	1.408	0	1	0	1	0	2.16	1	1	0	3.44275	1	1	0	1	0	
20.2	1	0	2.7542	1	1	0	2.7542	1	1	0	1	0	1.1264	0	1	1	1	0	1.728	0	1	0	2.7542	1	1	0	1	0	
20.224	1	0	2.20336	1	1	0	2.20336	1	1	0	1	0	1	0	1	1	1	0	1.3824	0	1	0	2.20336	1	1	0	1	0	
20.244	1	0	3.16269	1	1	0	3.16269	1	1	0	1	0	1	0	2.2	1	1	0	1.10592	0	1	0	3.16269	1	1	0	1	0	
20.264	1	0	3.93015	1	1	0	3.93015	1	1	0	1	0	1	0	1.76	0	1	0	2.28474	1	1	0	3.93015	1	1	0	1	0	
20.288	1	0	4.54412	1	1	0	4.54412	1	1	0	1	0	1	0	1.408	0	1	0	3.22779	1	1	0	4.54412	1	1	0	1	0	
20.315	1	0	3.6353	1	1	0	3.6353	1	1	0	1	0	1	0	1.1264	0	1	0	2.58223	1	1	0	3.6353	1	1	0	1	0	
20.334	1	0	2.90824	1	1	0	2.90824	1	1	0	1	0	1	0	1	1	1	0	2.06578	0	1	0	2.90824	1	1	0	1	0	
20.356	1	0	3.72659	1	1	0	3.72659	1	1	0	1	0	1	0	2.2	1	1	0	1.65263	0	1	0	3.72659	1	1	0	1	0	
20.377	1	0	4.38127	1	1	0	4.38127	1	1	0	1	0	1	0	1.76	0	1	0	2.7221	1	1	0	4.38127	1	1	0	1	0	
20.4	1	0	3.50502	1	1	0	3.50502	1	1	0	1	0	1	0	1.408	0	1	0	2.17768	1	1	0	3.50502	1	1	0	1	0	
20.419	1	0	2.80401	1	1	0	2.80401	1	1	0	1	0	1	0	1.1264	1	1	0	1.74215	0	1	0	2.80401	1	1	0	1	0	
20.442	1	0	2.24321	1	1	0	2.24321	1	1	0	1	0	1	0	1	1	1	0	1.39372	0	1	0	2.24321	1	1	0	1	0	
20.458	1	0	3.19457	1	1	0	3.19457	1	1	0	1	0	1	0	2.2	1	1	0	1.11497	0	1	0	3.19457	1	1	0	1	0	
20.476	1	0	3.95566	1	1	0	3.95566	1	1	0	1	0	1	0	1.76	0	1	0	2.29198	1	1	0	3.95566	1	1	0	1	0	
20.495	1	0	3.16452	1	1	0	3.16452	1	1	0	1	0	1	0	1.408	0	1	0	1.83358	1	1	0	3.16452	1	1	0	1	0	
20.515	1	0	2.53162	1	1	0	2.53162	1	1	0	1	0	1	0	1.1264	1	1	0	1.46687	0	1	0	2.53162	1	1	0	1	0	
20.533	1	0	2.0253	1	1	0	2.0253	1	1	0	1	0	1	0	1	1	1	0	1.17349	0	1	0	2.0253	1	1	0	1	0	
20.552	1	0	3.02024	1	1	0	3.02024	1	1	0	1	0	2.2	1	1	0	1	0	1	0	1	0	3.02024	1	1	0	1	0	
20.571	1	0	2.41619	1	1	0	2.41619	1	1	0	1	0	1.76	0	1	0	1	0	1	1	1	0	2.41619	1	1	0	1	0	
20.59	1	0	1.93295	1	1	0	1.93295	1	1	0	1	0	1.408	1	1	0	1	0	1	0	1	0	1.93295	1	1	0	1	0	
20.61	1	0	1.54636	1	1	0	1.54636	1	1	0	1	0	1.1264	1	1	0	1	0	1	0	1	0	1.54636	1	1	0	1	0	
20.63	1	0	1.23709	1	1	0	1.23709	1	1	0	1	0	1	1	1	0	1	0	1	0	1	0	1.23709	1	1	0	1	0	
20.649	1	0	2.38967	1	1	0	2.38967	1	1	0	1	0	2.2	1	1	0	1	0	1	0	1	0	2.38967	1	1	0	1	0	
20.667	1	0	3.31174	1	1	0	3.31174	1	1	0	1	0	1.76	0	1	0	1	0	2.2	1	1	0	3.31174	1	1	0	1	0	
20.743	1	0	2.64939	1	1	1	2.64939	0	1	1	1	0	1.408	0	1	0	1	0	1.76	1	1	0	2.64939	1	1	0	1	0	
20.801	1	1	2.11951	0	1	1	2.11951	0	1	1	1	0	1.1264	0	1	1	1	0	1.408	0	1	0	2.11951	1	1	0	1	0	
20.858	1	1	1.69561	0	1	1	1.69561	0	1	1	1	0	1	0	1	1	1	0	1.1264	0	1	0	1.69561	1	1	0	1	0	
20.915	1	1	1.35649	0	1	1	1.35649	0	1	1	1	0	1	0	1	1	1	0	1	0	1	0	1.35649	1	1	0	1	0	
20.969	1	1	1.08519	0	1	1	1.08519	0	1	1	1	0	1	0	1	1	1	0	1	0	1	0	1.08519	1	1	0	1	0	
21.023	1	1	1	0	1	1	1	0	1	1	1	0	1	0	1	1	1	0	1	0	1	0	1	1	1	0	1	0	
21.087	1	1	1	0	1	1	1	0	1	1	1	0	1	0	1	1	1	0	1	0	1	0	1	1	1	0	1	0	
21.148	1	1	1	0	1	1	1	0	1	1	1	0	1	0	1	1	1	0	1	0	1	0	1	1	1	0	1	0	
21.203	1	1	1	0	1	1	1	0	1	1	1	0	1	0	1	1	1	0	1	0	1	0	1	1	1	0	1	0	
21.257	1	1	1	0	1	1	1	0	1	1	1	0	1	0	1	1	1	0	1	0	1	0	1	1	1	0	1	0	
21.31	1	1	1	0	1	1	1	0	1	1	1	0	1	0	1	1	1	0	1	0	1	0	1	1	1	0	1	0	
21.37	1	1	1	0	1	1	1	0	1	1	1	0	1	0	1	1	1	0	1	0	1	0	1	1	1	0	1	0	
21.424	1	1	1	0	1	1	1	0	1	1	1	0	1	0	1	1	1	0	1	0	1	0	1	1	1	0	1	0	
21.479	1	1	1	0	1	1	1	0	1	1	1	0	1	0	1	1	1	0	1	0	1	0	1	1	1	0	1	0	
21.534	1	1	1	0	1	1	1	0	1	1	1	0	1	0	1	1	1	0	1	0	1	0	1	1	1	0	1	0	
21.592	1	1	1	0	1	1	1	0	1	1	1	0	1	0	1	1	1	0	1	0	1	0	1	1	1	0	1	0	
21.649	1	1	1	0	1	1	1	0	1	1	1	0	1	0	1	1	1	0	1	0	1	0	1	1	1	0	1	0	
21.703	1	1	1	0	1	1	1	0	1	1	1	0	1	0	1	1	1	0	1	0	1	0	1	1	1	0	1	0	
21.747	1	0	1	1	1	1	1	0	1	1	1	0	1	0	1	1	1	0	1	0	1	0	1	1	1	0	1	0	
21.846	1	0	1	1	1	1	1	0	1	1	1	0	1	0	1	1	1	0	1	0	1	0	1	1	1	0	1	0	
21.886	1	0	1	1	1	1	1	0	1	1	1	0	1	0	1	1	1	0	1	0	1	0	1	1	1	0	1	0	
21.972	1	0	1	1	1	1	1	0	1	1	1	0	1	0	1	1	1	0	1	0	1	0	1	1	1	0	1	0	
22.008	1	0	1	1	1	1	1	0	1	1	1	0	1	0	1	1	1	0	1	0	1	0	1	1	1	0	1	0	
22.093	1	0	1	1	1	1	1	0	1	1	1	0	1	0	1	1	1	0	1	0	1	0	1	1	1	0	1	0	
22.132	1	0	1	1	1	1	1	0	1	1	1	0	1	0	1	1	1	0	1	0	1	0	1	1	1	0	1	0	
22.222	1	0	1	1	1	1	1	0	1	1	1	0	1	0	1	1	1	0	1	0	1	0	1	1	1	0	1	0	
22.266	1	0	1	1	1	1	1	0	1	1	1	0	1	0	1	1	1	0	1	0	1	0	1	1	1	0	1	0	
22.356	1	0	1	1	1	1	1	0	1	1	1	0	1	0	1	1	1	0	1	0	1	0	1	1	1	0	1	0	
22.396	1	0	1	1	1	1	1	0	1	1	1	0	1	0	1	1	1	0	1	0	1	0	1	1	1	0	1	0	
22.483	1	0	1	1	1	1	1	0	1	1	1	0	1	0	1	1	1	0	1	0	1	0	1	1	1	0	1	0	
22.522	1	0	1	1	1	1	1	0	1	1	1	0	1	0	1	1	1	0	1	0	1	0	1	1	1	0	1	0	
22.611	1	0	1	1	1	1	1	0	1	1	1	0	1	0	1	1	1	0	1	0	1	0	1	1	1	0	1	0	
22.655	1	0	1	1	1	1	1	0	1	1	1	0	1	0	1	1	1	0	1	0	1	0	1	1	1	0	1	0	
22.758	1	0	1	1	1	1	1	0	1	1	1	0	1	0	1	1	1	0	1	0	1	0	1	1	1	0	1	0	
22.884	1.2	1	1	0	1.2	1	1	0	1.2	1	1	0	1	0	1	0	1	0	1.2	1	1	0	1	0	1.2	1	1	0	
23.016	2.36	1	1	0	2.36	1	1	0	2.36	1	1	0	1	0	1	0	1	0	2.36	1	1	0	1	0	2.36	1	1	0	
23.113	1.888	1	1	0	1.888	1	1	0	1.888	1	1	0	1	0	1	1	1	0	1.888	0	1	0	1	0	1.888	1	1	0	
23.215	1.5104	1	1	0	1.5104	1	1	0	1.5104	1	1	0	1	0	1	0	1	0	1.5104	1	1	0	1	0	1.5104	1	1	0	
23.316	1.20832	1	1	0	1.20832	1	1	0	1.20832	1	1	0	1	0	1	0	1	0	1.20832	1	1	0	1	0	1.20832	1	1	0	
23.412	1	1	1	0	1	1	1	0	1	1	1	0	1	0	1	0	1	0	1	1	1	0	1	0	1	1	1	0	
23.509	1	1	1	0	1	1	1	0	1	1	1	0	1	0	1	0	1	0	1	1	1	0	1	0	1	1	1	0	
23.608	1	1	1	0	1	1	1	0	1	1	1	0	1	0	1	0	1	0	1	1	1	0	1	0	1	1	1	0	
23.712	1.2	1	1	0	1.2	1	1	0	1.2	1	1	0	1	0	1	0	1	0	1.2	1	1	0	1	0	1.2	1	1	0	
23.736	1	0	2.2	1	1	0	2.2	1	1	0	1	0	1	0	1	0	2.2	1	1	0	1	0	1	0	1	0	2.2	1	
23.762	1	0	1.76	1	1	0	1.76	1	1	0	1	0	1	0	1	0	1.76	0	1	1	1	0	1	0	1	0	1.76	1	
23.785	1	0	2.808	1	1	0	2.808	1	1	0	1	0	1	0	1	0	2.808	1	1	0	1	0	1	0	1	0	2.808	1	
23.807	1	0	2.2464	1	1	0	2.2464	1	1	0	1	0	1	0	1	0	2.2464	0	1	1	1	0	1	0	1	0	2.2464	1	
23.825	1	0	1.79712	1	1	0	1.79712	1	1	0	1	0	1	0	1	0	1.79712	1	1	0	1	0	1	0	1	0	1.79712	1	
23.845	1	0	1.4377	1	1	0	1.4377	1	1	0	1	0	1	0	1	0	1.4377	1	1	0	1	0	1	0	1	0	1.4377	1	
23.864	1	0	1.15016	1	1	0	1.15016	1	1	0	1	0	1	0	1	0	1.15016	1	1	0	1	0	1	0	1	0	1.15016	1	
23.881	1	0	1	1	1	0	1	1	1	0	1	0	1	0	1	0	1	1	1	0	1	0	1	0	1	0	1	1	
23.901	1	0	1	1	1	0	1	1	1	0	1	0	1	0	1	0	1	1	1	0	1	0	1	0	1	0	1	1	
23.918	1	0	1	1	1	0	1	1	1	0	1	0	1	0	1	0	1	1	1	0	1	0	1	0	1	0	1	1	
23.933	1	0	1	1	1	0	1	1	1	0	1	0	1	0	1	0	1	1	1	0	1	0	1	0	1	0	1	1	
23.953	1	0	1	1	1	0	1	1	1	0	1	0	1	0	1	0	1	1	1	0	1	0	1	0	1	0	1	1	
23.973	1	0	1	1	1	0	1	1	1	0	1	0	1	0	1	0	1	1	1	0	1	0	1	0	1	0	1	1	
23.993	1	0	1	1	1	0	1	1	1	0	1	0	1	0	1	0	1	1	1	0	1	0	1	0	1	0	1	1	
24.012	1	0	1	1	1	0	1	1	1	0	1	0	1	0	1	0	1	1	1	0	1	0	1	0	1	0	1	1	
24.029	1	0	1	1	1	0	1	1	1	0	1	0	1	0	1	0	1	1	1	0	1	0	1	0	1	0	1	1	
24.046	1	0	1	1	1	0	1	1	1	0	1	0	1	0	1	0	1	1	1	0	1	0	1	0	1	0	1	1	
24.063	1	0	1	1	1	0	1	1	1	0	1	0	1	0	1	0	1	1	1	0	1	0	1	0	1	0	1	1	
24.083	1	0	1	1	1	0	1	1	1	0	1	0	1	0	1	0	1	1	1	0	1	0	1	0	1	0	1	1	
24.102	1	0	1	1	1	0	1	1	1	0	1	0	1	0	1	0	1	1	1	0	1	0	1	0	1	0	1	1	
24.119	1	0	1	1	1	0	1	1	1	0	1	0	1	0	1	0	1	1	1	0	1	0	1	0	1	0	1	1	
24.135	1	0	1	1	1	0	1	1	1	0	1	0	1	0	1	0	1	1	1	0	1	0	1	0	1	0	1	1	
24.151	1	0	1	1	1	0	1	1	1	0	1	0	1	0	1	0	1	1	1	0	1	0	1	0	1	0	1	1	
24.17	1	0	1	1	1	0	1	1	1	0	1	0	1	0	1	0	1	1	1	0	1	0	1	0	1	0	1	1	
24.188	1	0	1	1	1	0	1	1	1	0	1	0	1	0	1	0	1	1	1	0	1	0	1	0	1	0	1	1	
24.204	1	0	1	1	1	0	1	1	1	0	1	0	1	0	1	0	1	1	1	0	1	0	1	0	1	0	1	1	
24.223	1	0	1	1	1	0	1	1	1	0	1	0	1	0	1	0	1	1	1	0	1	0	1	0	1	0	1	1	
24.242	1	0	1	1	1	0	1	1	1	0	1	0	1	0	1	0	1	1	1	0	1	0	1	0	1	0	1	1	
24.265	1	0	1	1	1	0	1	1	1	0	1	0	1	0	1	0	1	1	1	0	1	0	1	0	1	0	1	1	
24.283	1	0	1	1	1	0	1	1	1	0	1	0	1	0	1	0	1	1	1	0	1	0	1	0	1	0	1	1	
24.3	1	0	1	1	1	0	1	1	1	0	1	0	1	0	1	0	1	1	1	0	1	0	1	0	1	0	1	1	
24.315	1	0	1	1	1	0	1	1	1	0	1	0	1	0	1	0	1	1	1	0	1	0	1	0	1	0	1	1	
24.332	1	0	1	1	1	0	1	1	1	0	1	0	1	0	1	0	1	1	1	0	1	0	1	0	1	0	1	1	
24.351	1	0	1	1	1	0	1	1	1	0	1	0	1	0	1	0	1	1	1	0	1	0	1	0	1	0	1	1	
24.372	1	0	1	1	1	0	1	1	1	0	1	0	1	0	1	0	1	1	1	0	1	0	1	0	1	0	1	1	
24.39	1	0	1	1	1	0	1	1	1	0	1	0	1	0	1	0	1	1	1	0	1	0	1	0	1	0	1	1	
24.408	1	0	1	1	1	0	1	1	1	0	1	0	1	0	1	0	1	1	1	0	1	0	1	0	1	0	1	1	
24.426	1	0	1	1	1	0	1	1	1	0	1	0	1	0	1	0	1	1	1	0	1	0	1	0	1	0	1	1	
24.447	1	0	1	1	1	0	1	1	1	0	1	0	1	0	1	0	1	1	1	0	1	0	1	0	1	0	1	1	
24.465	1	0	1	1	1	0	1	1	1	0	1	0	1	0	1	0	1	1	1	0	1	0	1	0	1	0	1	1	
24.482	1	0	1	1	1	0	1	1	1	0	1	0	1	0	1	0	1	1	1	0	1	0	1	0	1	0	1	1	
24.499	1	0	1	1	1	0	1	1	1	0	1	0	1	0	1	0	1	1	1	0	1	0	1	0	1	0	1	1	
24.516	1	0	1	1	1	0	1	1	1	0	1	0	1	0	1	0	1	1	1	0	1	0	1	0	1	0	1	1	
24.536	1	0	1	1	1	0	1	1	1	0	1	0	1	0	1	0	1	1	1	0	1	0	1	0	1	0	1	1	
24.556	1	0	1	1	1	0	1	1	1	0	1	0	1	0	1	0	1	1	1	0	1	0	1	0	1	0	1	1	
24.574	1	0	1	1	1	0	1	1	1	0	1	0	1	0	1	0	1	1	1	0	1	0	1	0	1	0	1	1	
24.594	1	0	1	1	1	0	1	1	1	0	1	0	1	0	1	0	1	1	1	0	1	0	1	0	1	0	1	1	
24.61	1	0	1	1	1	0	1	1	1	0	1	0	1	0	1	0	1	1	1	0	1	0	1	0	1	0	1	1	
24.63	1	0	1	1	1	0	1	1	1	0	1	0	1	0	1	0	1	1	1	0	1	0	1	0	1	0	1	1	
24.65	1	0	1	1	1	0	1	1	1	0	1	0	1	0	1	0	1	1	1	0	1	0	1	0	1	0	1	1	
24.67	1	0	1	1	1	0	1	1	1	0	1	0	1	0	1	0	1	1	1	0	1	0	1	0	1	0	1	1	
24.726	1	1	1	0	1	1	1	0	1	1	1	0	1	0	1	0	1	0	1	0	1	1	1	0	1	0	1	0	
24.778	1	1	1	0	1	1	1	0	1	1	1	0	1	0	1	0	1	0	1	0	1	1	1	0	1	0	1	0	
24.833	1	1	1	0	1	1	1	0	1	1	1	0	1	0	1	0	1	0	1	0	1	1	1	0	1	0	1	0	
24.886	1	1	1	0	1	1	1	0	1	1	1	0	1	0	1	0	1	0	1	0	1	1	1	0	1	0	1	0	
24.938	1	1	1	0	1	1	1	0	1	1	1	0	1	0	1	0	1	0	1	0	1	1	1	0	1	0	1	0	
24.99	1	1	1	0	1	1	1	0	1	1	1	0	1	0	1	0	1	0	1	0	1	1	1	0	1	0	1	0	
25.04	1	1	1	0	1	1	1	0	1	1	1	0	1	0	1	0	1	0	1	0	1	1	1	0	1	0	1	0	
25.091	1	1	1	0	1	1	1	0	1	1	1	0	1	0	1	0	1	0	1	0	1	1	1	0	1	0	1	0	
25.147	1	1	1	0	1	1	1	0	1	1	1	0	1	0	1	0	1	0	1	0	1	1	1	0	1	0	1	0	
25.196	1	1	1	0	1	1	1	0	1	1	1	0	1	0	1	0	1	0	1	0	1	1	1	0	1	0	1	0	
25.247	1	1	1	0	1	1	1	0	1	1	1	0	1	0	1	0	1	0	1	0	1	1	1	0	1	0	1	0	
25.299	1	1	1	0	1	1	1	0	1	1	1	0	1	0	1	0	1	0	1	0	1	1	1	0	1	0	1	0	
25.352	1	1	1	0	1	1	1	0	1	1	1	0	1	0	1	0	1	0	1	0	1	1	1	0	1	0	1	0	
25.406	1	1	1	0	1	1	1	0	1	1	1	0	1	0	1	0	1	0	1	0	1	1	1	0	1	0	1	0	
25.459	1	1	1	0	1	1	1	0	1	1	1	0	1	0	1	0	1	0	1	0	1	1	1	0	1	0	1	0	
25.512	1	1	1	0	1	1	1	0	1	1	1	0	1	0	1	0	1	0	1	0	1	1	1	0	1	0	1	0	
25.565	1	1	1	0	1	1	1	0	1	1	1	0	1	0	1	0	1	0	1	0	1	1	1	0	1	0	1	0	
25.618	1	1	1	0	1	1	1	0	1	1	1	0	1	0	1	0	1	0	1	0	1	1	1	0	1	0	1	0	
25.667	1	1	1	0	1	1	1	0	1	1	1	0	1	0	1	0	1	0	1	0	1	1	1	0	1	0	1	0	
25.757	1	0	1	1	1	1	1	0	1	1	1	1	1	0	1	0	1	0	1	0	1	0	1	0	1	1	1	0	
25.837	1	0	2.2	1	2.2	1	1	0	2.2	1	2.2	1	1	0	1	0	1	0	1	0	1	0	1	0	2.2	1	1	0	
25.895	1	1	1.76	0	1.76	1	1	0	1.76	1	1.76	1	1	0	1	0	1	0	1	0	1	0	1	1	1.76	0	1	0	
25.985	1	0	1.408	1	1.408	1	1	0	1.408	1	1.408	1	1	0	1	0	1	0	1	0	1	0	1	0	1.408	1	1	0	
26.07	1	0	2.5264	1	2.5264	1	1	0	2.5264	1	2.5264	1	1	0	1	0	1	0	1	0	1	0	1	0	2.5264	1	1	0	
26.092	1	0	2.02112	1	2.02112	0	1	1	2.02112	0	2.02112	1	1	0	1	0	1	0	1	0	1	0	1	0	2.02112	1	1	0	
26.173	1	0	3.0169	1	3.0169	1	1	0	3.0169	1	3.0169	1	1	0	1	0	1	0	1	0	1	0	1	0	3.0169	1	1	0	
26.195	1	0	2.41352	1	2.41352	0	1	1	2.41352	0	2.41352	1	1	0	1	0	1	0	1	0	1	0	1	0	2.41352	1	1	0	
26.288	1	0	1.93081	1	1.93081	1	1	0	1.93081	1	1.93081	1	1	0	1	0	1	0	1	0	1	0	1	0	1.93081	1	1	0	
26.368	1	0	2.94465	1	2.94465	1	1	0	2.94465	1	2.94465	1	1	0	1	0	1	0	1	0	1	0	1	0	2.94465	1	1	0	
26.389	1	0	2.35572	1	2.35572	0	1	1	2.35572	0	2.35572	1	1	0	1	0	1	0	1	0	1	0	1	0	2.35572	1	1	0	
26.469	1	0	3.28458	1	3.28458	1	1	0	3.28458	1	3.28458	1	1	0	1	0	1	0	1	0	1	0	1	0	3.28458	1	1	0	
26.487	1	0	2.62766	1	2.62766	0	1	1	2.62766	0	2.62766	1	1	0	1	0	1	0	1	0	1	0	1	0	2.62766	1	1	0	
26.58	1	0	2.10213	1	2.10213	1	1	0	2.10213	1	2.10213	1	1	0	1	0	1	0	1	0	1	0	1	0	2.10213	1	1	0	
26.663	1	0	3.0817	1	3.0817	1	1	0	3.0817	1	3.0817	1	1	0	1	0	1	0	1	0	1	0	1	0	3.0817	1	1	0	
26.688	1	0	2.46536	1	2.46536	0	1	1	2.46536	0	2.46536	1	1	0	1	0	1	0	1	0	1	0	1	0	2.46536	1	1	0	
26.817	1	0	1.97229	1	1.97229	1	1	0	1.97229	1	1.97229	1	1	0	1	0	1	0	1	0	1	0	1	0	1.97229	1	1	0	
26.856	1	0	1.57783	1	1.57783	1	1	0	1.57783	1	1.57783	1	1	0	1	0	1	0	1	0	1	0	1	0	1.57783	0	1	1	
26.977	1	0	1.26227	1	1.26227	1	1	0	1.26227	1	1.26227	1	1	0	1	0	1	0	1	0	1	0	1	0	1.26227	0	1	1	
27.01	1	0	1.00981	1	1.00981	1	1	0	1.00981	1	1.00981	1	1	0	1	0	1	0	1	0	1	0	1	0	1.00981	0	1	1	
27.117	1	1	1	0	1	1	1	0	1	1	1	1	1	0	1	0	1	0	1	0	1	0	1	0	1	0	1	1	
27.243	1.2	1	1	0	1.2	1	1	0	1.2	1	1.2	1	1	0	1	0	1	0	1	0	1	0	1	0	1	0	1.2	1	
27.364	2.36	1	1	0	2.36	1	1	0	2.36	1	2.36	1	1	0	1	0	1	0	1	0	1	0	1	0	1	0	2.36	1	
27.458	1.888	1	1	0	1.888	1	1	0	1.888	1	1.888	0	1	0	1	1	1	0	1	0	1	0	1	1	1	0	1.888	0	
27.56	1.5104	1	1	0	1.5104	1	1	0	1.5104	1	1.5104	1	1	0	1	0	1	0	1	0	1	0	1	0	1	0	1.5104	1	
27.668	1.20832	1	1	0	1.20832	1	1	0	1.20832	1	1.20832	1	1	0	1	0	1	0	1	0	1	0	1	0	1	0	1.20832	1	
27.745	1	1	1	0	1	1	1	0	1	1	1	0	1	1	1	0	1	0	1	0	1	0	1	0	1	0	1	1	
27.828	1	1	1	0	1	1	1	0	1	1	1	0	1	1	1	0	1	0	1	0	1	0	1	0	1	0	1	1	
27.902	1	1	1	0	1	1	1	0	1	1	1	0	1	1	1	0	1	0	1	0	1	0	1	0	1	0	1	1	
27.968	1	1	1	0	1	1	1	0	1	1	1	0	1	1	1	0	1	0	1	0	1	0	1	0	1	0	1	1	
28.033	1	1	1	0	1	1	1	0	1	1	1	0	1	1	1	0	1	0	1	0	1	0	1	0	1	0	1	1	
28.1	1	1	1	0	1	1	1	0	1	1	1	0	1	1	1	0	1	0	1	0	1	0	1	0	1	0	1	1	
28.164	1	1	1	0	1	1	1	0	1	1	1	0	1	1	1	0	1	0	1	0	1	0	1	0	1	0	1	1	
28.23	1	1	1	0	1	1	1	0	1	1	1	0	1	1	1	0	1	0	1	0	1	0	1	0	1	0	1	1	
28.297	1	1	1	0	1	1	1	0	1	1	1	0	1	1	1	0	1	0	1	0	1	0	1	0	1	0	1	1	
28.366	1	1	1	0	1	1	1	0	1	1	1	0	1	1	1	0	1	0	1	0	1	0	1	0	1	0	1	1	
28.434	1	1	1	0	1	1	1	0	1	1	1	0	1	1	1	0	1	0	1	0	1	0	1	0	1	0	1	1	
28.497	1	1	1	0	1	1	1	0	1	1	1	0	1	1	1	0	1	0	1	0	1	0	1	0	1	0	1	1	
28.562	1	1	1	0	1	1	1	0	1	1	1	0	1	1	1	0	1	0	1	0	1	0	1	0	1	0	1	1	
28.629	1	1	1	0	1	1	1	0	1	1	1	0	1	1	1	0	1	0	1	0	1	0	1	0	1	0	1	1	
28.696	1	1	1	0	1	1	1	0	1	1	1	0	1	1	1	0	1	0	1	0	1	0	1	0	1	0	1	1	
28.716	1	0	1	1	1	0	1	1	1	0	1	0	1	1	1	0	1	0	1	0	1	0	1	0	1	1	1	0	
28.734	1	0	2.2	1	1	0	2.2	1	1	0	1	0	2.2	1	1	0	1	0	1	0	1	0	1	0	2.2	1	1	0	
28.835	1	1	1.76	0	1	1	1.76	0	1	1	1	0	1.76	1	1	0	1	0	1	0	1	0	1	0	1.76	1	1	0	
28.857	1	0	2.808	1	1	0	2.808	1	1	0	1	0	2.808	1	1	0	1	0	1	0	1	0	1	0	2.808	1	1	0	
28.878	1	0	2.2464	1	1	0	2.2464	1	1	0	1	0	2.2464	0	1	1	1	0	1	0	1	0	1	0	2.2464	1	1	0	
28.897	1	0	3.19712	1	1	0	3.19712	1	1	0	1	0	3.19712	1	1	0	1	0	1	0	1	0	1	0	3.19712	1	1	0	
28.916	1	0	2.5577	1	1	0	2.5577	1	1	0	1	0	2.5577	1	1	0	1	0	1	0	1	0	1	0	2.5577	1	1	0	
28.937	1	0	2.04616	1	1	0	2.04616	1	1	0	1	0	2.04616	1	1	0	1	0	1	0	1	0	1	0	2.04616	1	1	0	
28.956	1	0	3.03693	1	1	0	3.03693	1	1	0	1	0	3.03693	1	1	0	1	0	1	0	1	0	1	0	3.03693	1	1	0	
28.975	1	0	2.42954	1	1	0	2.42954	1	1	0	1	0	2.42954	1	1	0	1	0	1	0	1	0	1	0	2.42954	1	1	0	
28.995	1	0	3.34363	1	1	0	3.34363	1	1	0	1	0	3.34363	1	1	0	1	0	1	0	1	0	1	0	3.34363	1	1	0	
29.015	1	0	2.67491	1	1	0	2.67491	1	1	0	1	0	2.67491	1	1	0	1	0	1	0	1	0	1	0	2.67491	1	1	0	
29.037	1	0	2.13992	1	1	0	2.13992	1	1	0	1	0	2.13992	1	1	0	1	0	1	0	1	0	1	0	2.13992	1	1	0	
29.055	1	0	3.11194	1	1	0	3.11194	1	1	0	1	0	3.11194	1	1	0	1	0	1	0	1	0	1	0	3.11194	1	1	0	
29.076	1	0	2.48955	1	1	0	2.48955	1	1	0	1	0	2.48955	1	1	0	1	0	1	0	1	0	1	0	2.48955	1	1	0	
29.095	1	0	3.39164	1	1	0	3.39164	1	1	0	1	0	3.39164	1	1	0	1	0	1	0	1	0	1	0	3.39164	1	1	0	
29.117	1	0	2.71331	1	1	0	2.71331	1	1	0	1	0	2.71331	1	1	0	1	0	1	0	1	0	1	0	2.71331	1	1	0	
29.142	1	0	2.17065	1	1	0	2.17065	1	1	0	1	0	2.17065	1	1	0	1	0	1	0	1	0	1	0	2.17065	1	1	0	
29.16	1	0	3.13652	1	1	0	3.13652	1	1	0	1	0	3.13652	1	1	0	1	0	1	0	1	0	1	0	3.13652	1	1	0	
29.182	1	0	2.50922	1	1	0	2.50922	1	1	0	1	0	2.50922	1	1	0	1	0	1	0	1	0	1	0	2.50922	1	1	0	
29.201	1	0	3.40737	1	1	0	3.40737	1	1	0	1	0	3.40737	1	1	0	1	0	1	0	1	0	1	0	3.40737	1	1	0	
29.222	1	0	2.7259	1	1	0	2.7259	1	1	0	1	0	2.7259	1	1	0	1	0	1	0	1	0	1	0	2.7259	1	1	0	
29.245	1	0	2.18072	1	1	0	2.18072	1	1	0	1	0	2.18072	1	1	0	1	0	1	0	1	0	1	0	2.18072	1	1	0	
29.266	1	0	3.14458	1	1	0	3.14458	1	1	0	1	0	3.14458	1	1	0	1	0	1	0	1	0	1	0	3.14458	1	1	0	
29.287	1	0	2.51566	1	1	0	2.51566	1	1	0	1	0	2.51566	1	1	0	1	0	1	0	1	0	1	0	2.51566	1	1	0	
29.306	1	0	3.41253	1	1	0	3.41253	1	1	0	1	0	3.41253	1	1	0	1	0	1	0	1	0	1	0	3.41253	1	1	0	
29.328	1	0	2.73002	1	1	0	2.73002	1	1	0	1	0	2.73002	1	1	0	1	0	1	0	1	0	1	0	2.73002	1	1	0	
29.35	1	0	2.18402	1	1	0	2.18402	1	1	0	1	0	2.18402	1	1	0	1	0	1	0	1	0	1	0	2.18402	1	1	0	
29.369	1	0	3.14721	1	1	0	3.14721	1	1	0	1	0	3.14721	1	1	0	1	0	1	0	1	0	1	0	3.14721	1	1	0	
29.388	1	0	2.51777	1	1	0	2.51777	1	1	0	1	0	2.51777	1	1	0	1	0	1	0	1	0	1	0	2.51777	1	1	0	
29.406	1	0	3.41422	1	1	0	3.41422	1	1	0	1	0	3.41422	1	1	0	1	0	1	0	1	0	1	0	3.41422	1	1	0	
29.427	1	0	2.73137	1	1	0	2.73137	1	1	0	1	0	2.73137	1	1	0	1	0	1	0	1	0	1	0	2.73137	1	1	0	
29.452	1	0	2.1851	1	1	0	2.1851	1	1	0	1	0	2.1851	1	1	0	1	0	1	0	1	0	1	0	2.1851	1	1	0	
29.476	1	0	3.14808	1	1	0	3.14808	1	1	0	1	0	3.14808	1	1	0	1	0	1	0	1	0	1	0	3.14808	1	1	0	
29.503	1	0	2.51846	1	1	0	2.51846	1	1	0	1	0	2.51846	1	1	0	1	0	1	0	1	0	1	0	2.51846	1	1	0	
29.524	1	0	3.41477	1	1	0	3.41477	1	1	0	1	0	3.41477	1	1	0	1	0	1	0	1	0	1	0	3.41477	1	1	0	
29.544	1	0	2.73182	1	1	0	2.73182	1	1	0	1	0	2.73182	1	1	0	1	0	1	0	1	0	1	0	2.73182	1	1	0	
29.565	1	0	2.18545	1	1	0	2.18545	1	1	0	1	0	2.18545	1	1	0	1	0	1	0	1	0	1	0	2.18545	1	1	0	
29.584	1	0	3.14836	1	1	0	3.14836	1	1	0	1	0	3.14836	1	1	0	1	0	1	0	1	0	1	0	3.14836	1	1	0	
29.603	1	0	2.51869	1	1	0	2.51869	1	1	0	1	0	2.51869	1	1	0	1	0	1	0	1	0	1	0	2.51869	1	1	0	
29.623	1	0	3.41495	1	1	0	3.41495	1	1	0	1	0	3.41495	1	1	0	1	0	1	0	1	0	1	0	3.41495	1	1	0	
29.643	1	0	2.73196	1	1	0	2.73196	1	1	0	1	0	2.73196	1	1	0	1	0	1	0	1	0	1	0	2.73196	1	1	0	
29.663	1	0	2.18557	1	1	0	2.18557	1	1	0	1	0	2.18557	1	1	0	1	0	1	0	1	0	1	0	2.18557	1	1	0	
29.719	1	1	1.74846	0	1	1	1.74846	0	1	1	1	0	1.74846	0	1	1	1	0	1	0	1	0	1	1	1.74846	0	1	0	
29.775	1	1	1.39876	0	1	1	1.39876	0	1	1	1	0	1.39876	0	1	1	1	0	1	0	1	0	1	1	1.39876	0	1	0	
29.831	1	1	1.11901	0	1	1	1.11901	0	1	1	1	0	1.11901	0	1	1	1	0	1	0	1	0	1	1	1.11901	0	1	0	
29.882	1	1	1	0	1	1	1	0	1	1	1	0	1	0	1	1	1	0	1	0	1	0	1	1	1	0	1	0	
29.942	1	1	1	0	1	1	1	0	1	1	1	0	1	0	1	0	1	1	1	0	1	0	1	1	1	0	1	0	
29.995	1	1	1	0	1	1	1	0	1	1	1	0	1	0	1	0	1	1	1	0	1	0	1	1	1	0	1	0	
30.056	1	1	1	0	1	1	1	0	1	1	1	0	1	0	1	0	1	1	1	0	1	0	1	1	1	0	1	0	
