22	10	6	15	1	
0	10.00	10.00	0	0	960	0	2	
1	11.21	4.01	6	868	876	3	0	
2	13.75	5.96	-5	709	726	3	0	
3	15.47	12.79	-2	825	831	1	0	
4	12.02	2.66	-6	810	820	3	0	
5	4.88	9.60	-5	255	260	3	0	
6	11.16	16.12	2	165	185	1	0	
7	4.56	2.68	-1	116	121	1	0	
8	4.46	3.17	1	379	384	1	0	
9	14.40	5.72	4	280	288	2	0	
10	13.21	2.84	1	826	833	1	0	
11	14.23	8.40	6	142	162	3	0	
12	3.05	7.01	-5	156	171	3	0	
13	2.32	10.13	3	251	262	2	0	
14	10.93	3.95	6	643	659	3	0	
15	1.31	6.21	-3	764	769	2	0	
16	13.94	7.71	5	233	248	3	0	
17	19.89	8.13	1	681	700	1	0	
18	3.78	4.64	4	242	258	2	0	
19	14.63	8.24	-1	765	780	1	0	
20	9.88	1.89	3	88	103	2	0	
21	15.69	16.66	-1	294	313	1	0	
22	15.24	15.48	-3	690	703	2	0	
23	19.37	4.34	2	667	687	1	0	
24	15.77	16.14	-2	251	265	1	0	
25	13.25	2.27	1	674	691	1	0	
26	17.68	15.55	4	745	763	2	0	
27	15.30	8.65	3	438	455	2	0	
28	6.21	16.94	5	656	673	3	0	
29	7.64	15.69	-5	808	821	3	0	
30	6.96	7.67	5	219	224	3	0	
31	11.24	7.11	-5	50	55	3	0	
32	3.06	7.02	3	63	72	2	0	
33	13.24	5.76	3	350	365	2	0	
34	14.87	16.39	-4	74	84	2	0	
35	12.87	8.42	6	508	514	3	0	
36	6.26	7.81	3	309	320	2	0	
37	16.85	15.79	4	815	831	2	0	
38	2.84	1.87	6	705	711	3	0	
39	7.89	17.01	-1	210	227	1	0	
40	12.44	3.23	3	920	931	2	0	
41	15.55	18.55	-6	688	700	3	0	
42	8.47	18.86	1	102	109	1	0	
43	13.79	2.94	-6	713	729	3	0	
44	13.10	5.81	2	239	249	1	0	
45	1.71	8.88	3	17	24	2	0	
46	15.89	17.08	2	210	228	1	0	
47	5.51	17.65	5	97	114	3	0	
48	14.20	15.64	3	811	830	2	0	
49	1.94	6.44	-6	708	722	3	0	
50	13.38	8.41	2	82	94	1	0	
51	5.02	7.30	4	116	136	2	0	
52	11.27	17.71	4	309	325	2	0	
53	7.24	18.12	-5	715	730	3	0	
54	2.32	6.94	1	53	66	1	0	
55	3.88	4.96	3	271	276	2	0	
56	13.03	4.59	6	623	641	3	0	
57	18.35	5.67	5	136	147	3	0	
58	9.94	5.19	-6	299	317	3	0	
59	12.40	10.16	5	57	68	3	0	
60	10.95	3.87	5	752	769	3	0	
61	1.85	6.24	-2	692	702	1	0	
62	13.31	3.68	4	602	620	2	0	
63	15.95	16.43	-4	647	663	2	0	
64	7.20	17.78	-1	686	703	1	0	
65	5.83	4.58	4	823	839	2	0	
66	14.77	2.84	6	233	253	3	0	
67	13.55	4.65	5	153	172	3	0	
68	5.69	17.79	-5	219	224	3	0	
69	6.87	18.81	3	661	676	2	0	
70	14.45	14.98	-5	123	138	3	0	
71	18.74	5.32	-4	872	882	2	0	
72	6.73	3.86	4	762	770	2	0	
73	2.66	1.12	-1	336	349	1	0	
74	2.82	7.12	-1	160	177	1	0	
75	7.44	17.51	-1	771	782	1	0	
76	13.00	18.67	-4	769	779	2	0	
77	13.39	9.16	4	684	692	2	0	
78	3.56	7.19	-2	90	110	1	0	
79	3.33	3.80	5	815	828	3	0	
80	7.27	18.23	3	132	139	2	0	
81	9.38	19.47	5	187	194	3	0	
82	12.24	15.26	6	732	746	3	0	
83	3.49	3.87	-4	887	897	2	0	
84	12.59	17.92	-3	153	168	2	0	
85	12.32	4.37	-4	12	30	2	0	
86	2.89	6.96	2	188	196	1	0	
87	5.34	18.42	4	701	709	2	0	
88	12.04	2.90	3	688	705	2	0	
89	15.73	14.22	5	725	730	3	0	
90	3.43	5.11	-5	721	738	3	0	
91	15.55	4.20	-3	198	207	2	0	
92	11.57	17.75	5	150	159	3	0	
93	16.17	15.89	-2	618	634	1	0	
94	16.00	7.60	3	557	576	2	0	
95	18.55	7.67	1	118	133	1	0	
96	2.88	5.43	-6	163	175	3	0	
97	4.39	6.90	3	708	727	2	0	
98	2.04	7.02	1	368	375	1	0	
99	18.83	6.68	4	35	55	2	0	
100	19.65	6.57	5	744	761	3	0	
101	12.83	3.32	-5	672	681	3	0	
102	19.25	5.42	1	688	693	1	0	
103	13.23	9.71	1	718	727	1	0	
104	6.28	19.21	5	665	684	3	0	
105	1.20	4.59	4	684	702	2	0	
106	15.51	16.14	3	859	874	2	0	
107	14.92	7.51	5	730	743	3	0	
108	5.65	6.21	2	605	625	1	0	
109	3.09	6.75	-2	139	145	1	0	
110	3.29	3.55	-4	729	743	2	0	
111	12.75	4.62	5	792	809	3	0	
112	14.18	8.93	4	656	676	2	0	
113	18.06	6.67	6	669	675	3	0	
114	3.65	5.83	2	253	265	1	0	
115	12.56	4.38	1	757	766	1	0	
116	6.93	18.55	-3	655	674	2	0	
117	1.21	5.56	1	85	90	1	0	
118	4.54	8.49	6	226	246	3	0	
119	12.89	14.13	-5	217	222	3	0	
120	4.54	7.25	1	259	278	1	0	
121	16.54	15.81	1	171	178	1	0	
122	17.72	13.78	1	630	637	1	0	
123	10.65	8.41	5	60	77	3	0	
124	13.08	5.51	-5	236	253	3	0	
125	12.84	0.48	6	281	289	3	0	
126	15.38	15.35	-7	282	323	2	1	
127	19.91	9.35	-11	102	136	3	1	
128	3.38	5.25	12	198	230	4	1	
129	18.41	7.57	5	121	176	2	1	
130	7.01	18.14	-7	238	279	2	1	
131	9.61	16.73	13	674	729	4	1	
132	5.52	4.90	5	394	442	2	1	
133	14.23	7.72	-6	766	826	2	1	
134	15.71	7.39	9	575	625	3	1	
135	17.02	14.38	-13	236	266	4	1	
136	5.73	18.81	-14	597	644	4	1	
137	13.24	1.59	3	649	703	1	1	
138	1.98	6.83	-1	551	591	0	1	
139	9.06	4.40	-3	704	746	1	1	
140	11.73	16.13	13	589	629	4	1	
141	3.80	7.81	-2	98	142	1	1	
142	5.58	2.89	2	143	196	1	1	
143	18.24	7.95	-11	623	655	3	1	
144	2.61	5.79	5	484	523	2	1	
145	17.02	15.74	3	663	714	1	1	
146	3.74	6.91	8	379	433	2	1	
147	13.61	7.02	5	217	271	2	1	
148	11.91	2.60	7	276	336	2	1	
149	4.49	5.25	-1	167	217	0	1	
150	10.28	14.94	-6	644	680	2	1	
151	12.11	15.92	-9	134	172	3	1	
152	7.68	16.27	-4	563	614	1	1	
153	10.15	2.46	7	695	744	2	1	
154	2.47	7.39	13	434	471	4	1	
155	16.08	15.77	11	260	311	3	1	
156	11.35	16.97	-13	324	358	4	1	
157	15.34	15.53	1	181	234	0	1	
158	12.17	15.45	11	592	648	3	1	
159	12.85	6.84	13	137	179	4	1	
160	11.44	4.95	13	178	230	4	1	
161	19.46	5.02	2	361	421	1	1	
162	0.63	7.94	1	653	702	0	1	
163	13.72	3.56	-12	351	386	4	1	
164	11.64	4.64	7	654	685	2	1	
165	13.15	16.50	7	238	294	2	1	
166	17.42	6.22	-10	238	292	3	1	
167	19.61	6.34	6	295	348	2	1	
168	10.19	3.52	8	647	693	2	1	
169	11.75	15.97	13	563	615	4	1	
170	19.94	6.41	11	264	307	3	1	
171	4.60	2.31	-4	564	601	1	1	
172	14.89	17.29	4	115	157	1	1	
173	12.50	3.90	-15	585	616	5	1	
174	5.95	7.20	9	457	497	3	1	
175	10.88	5.80	11	138	177	3	1	
176	4.16	7.32	1	213	247	0	1	
177	12.88	8.06	4	401	450	1	1	
178	11.53	3.08	13	353	393	4	1	
179	12.63	15.75	3	280	331	1	1	
180	11.51	5.89	11	481	536	3	1	
181	14.45	7.93	-13	246	295	4	1	
182	13.27	2.13	-14	734	792	4	1	
183	18.97	6.65	4	615	657	1	1	
184	4.82	7.33	-11	554	614	3	1	
185	11.39	6.01	-10	644	677	3	1	
186	18.44	7.29	3	222	281	1	1	
187	4.59	6.99	2	492	543	1	1	
188	14.35	14.25	12	578	632	4	1	
189	8.04	17.93	3	258	307	1	1	
190	1.60	7.30	-8	606	654	2	1	
191	13.13	1.88	5	246	277	2	1	
192	4.51	4.14	-9	223	281	3	1	
193	19.55	4.19	10	483	528	3	1	
194	12.45	2.01	2	530	573	1	1	
195	4.00	8.44	6	692	746	2	1	
196	15.97	16.23	6	99	141	2	1	
197	16.52	17.49	-11	651	711	3	1	
198	19.93	6.23	-5	196	230	2	1	
199	7.54	17.25	-6	617	650	2	1	
200	3.23	4.48	-14	434	468	4	1	
201	6.61	17.29	-5	322	359	2	1	
202	18.51	6.70	10	247	290	3	1	
203	9.64	6.63	12	561	599	4	1	
204	11.68	5.31	-10	859	909	3	1	
205	4.03	4.32	-2	541	584	1	1	
206	12.84	3.32	5	664	708	2	1	
207	15.44	7.00	3	733	787	1	1	
208	18.89	5.76	6	672	710	2	1	
209	13.57	5.82	-14	654	699	4	1	
210	7.47	15.83	10	640	673	3	1	
211	17.96	2.67	8	266	318	2	1	
212	4.65	6.41	2	604	647	1	1	
213	4.85	3.55	-6	639	670	2	1	
214	3.32	5.97	-11	598	643	3	1	
215	11.71	15.54	12	182	240	4	1	
216	4.32	3.48	6	493	546	2	1	
217	7.05	19.43	12	291	330	4	1	
218	3.69	3.39	-1	186	227	0	1	
219	5.24	9.34	9	42	75	3	1	
220	17.79	6.52	-3	307	364	1	1	
221	9.38	15.76	-14	712	745	4	1	
222	1.31	7.63	9	377	424	3	1	
223	5.58	6.30	2	641	697	1	1	
224	12.37	2.59	11	222	253	3	1	
225	13.44	8.08	12	197	250	4	1	
226	13.04	0.98	0	0	960	0	2	
227	12.97	5.03	0	0	960	0	2	
228	11.53	3.13	0	0	960	0	2	
229	15.34	14.67	0	0	960	0	2	
230	13.90	9.18	0	0	960	0	2	
231	5.48	4.92	0	0	960	0	2	
232	14.67	14.54	0	0	960	0	2	
233	4.43	2.73	0	0	960	0	2	
234	5.31	6.18	0	0	960	0	2	
235	2.97	4.36	0	0	960	0	2	
236	12.58	16.11	0	0	960	0	2	
237	3.28	7.23	0	0	960	0	2	
238	15.32	7.39	0	0	960	0	2	
239	6.00	7.97	0	0	960	0	2	
240	14.50	7.68	0	0	960	0	2	
241	7.01	19.62	0	0	960	0	2	
242	3.38	4.43	0	0	960	0	2	
243	19.88	5.26	0	0	960	0	2	
244	6.06	5.24	0	0	960	0	2	
245	12.83	18.25	0	0	960	0	2	
246	11.23	16.83	0	0	960	0	2	
247	15.22	14.93	0	0	960	0	2	
248	6.18	5.92	0	0	960	0	2	
249	3.09	7.41	0	0	960	0	2	
250	17.08	15.77	0	0	960	0	2	
