145	113	6	15	1	
0	10.00	10.00	0	0	960	0	2	
1	2.87	14.07	3	101	118	2	0	
2	15.24	15.64	4	501	521	2	0	
3	11.43	5.29	-5	421	440	3	0	
4	9.07	11.27	-3	75	88	2	0	
5	13.68	11.05	1	151	162	1	0	
6	19.05	9.50	5	134	145	3	0	
7	5.92	9.65	5	754	769	3	0	
8	13.17	3.44	5	844	851	3	0	
9	1.14	2.12	-2	379	385	1	0	
10	18.58	3.93	-4	57	63	2	0	
11	3.10	10.65	4	728	744	2	0	
12	6.87	8.14	-3	462	475	2	0	
13	0.46	16.66	-3	216	235	2	0	
14	17.07	2.74	-6	22	36	3	0	
15	4.32	7.25	3	903	916	2	0	
16	6.34	11.24	2	468	484	1	0	
17	19.77	9.54	-2	21	41	1	0	
18	16.92	17.35	1	822	835	1	0	
19	17.63	8.21	-5	543	562	3	0	
20	4.63	18.12	3	886	905	2	0	
21	0.80	6.23	-1	842	857	1	0	
22	0.83	11.23	-1	500	505	1	0	
23	0.25	13.77	-1	564	579	1	0	
24	3.96	13.00	-3	350	367	2	0	
25	0.11	10.65	-6	294	310	3	0	
26	6.50	7.48	-6	496	514	3	0	
27	3.39	10.99	5	218	231	3	0	
28	8.33	14.84	1	799	818	1	0	
29	5.17	19.74	3	340	353	2	0	
30	15.84	13.16	6	881	895	3	0	
31	8.82	5.64	5	641	658	3	0	
32	3.37	12.41	6	353	371	3	0	
33	16.46	15.94	-5	296	309	3	0	
34	8.72	14.88	6	233	253	3	0	
35	2.85	7.51	3	690	697	2	0	
36	18.97	7.46	4	533	543	2	0	
37	6.60	17.27	-1	918	929	1	0	
38	0.57	3.04	3	93	100	2	0	
39	9.12	0.76	3	106	113	2	0	
40	6.75	1.11	2	391	407	1	0	
41	6.52	17.59	6	164	172	3	0	
42	18.98	17.40	-5	603	622	3	0	
43	18.62	4.33	1	385	396	1	0	
44	18.03	8.80	-6	857	863	3	0	
45	3.51	19.78	-5	41	56	3	0	
46	12.47	5.10	-4	821	841	2	0	
47	16.89	4.95	3	253	272	2	0	
48	0.98	10.45	-3	522	535	2	0	
49	13.04	1.11	-3	472	485	2	0	
50	7.68	0.08	2	584	590	1	0	
51	17.28	0.63	3	540	549	2	0	
52	9.44	13.20	-4	179	189	2	0	
53	4.26	11.27	-5	844	861	3	0	
54	3.44	17.76	1	556	569	1	0	
55	8.32	2.16	3	627	644	2	0	
56	14.31	1.67	-3	25	36	2	0	
57	11.72	14.86	-6	809	825	3	0	
58	3.06	11.15	-5	905	912	3	0	
59	7.01	13.78	-3	687	706	2	0	
60	8.86	11.33	5	584	595	3	0	
61	5.81	11.47	6	269	281	3	0	
62	12.79	14.35	-2	464	478	1	0	
63	11.94	11.08	4	812	824	2	0	
64	17.01	13.53	4	805	825	2	0	
65	7.96	4.58	3	782	787	2	0	
66	5.15	16.02	2	161	179	1	0	
67	9.21	6.84	5	951	968	3	0	
68	16.90	12.63	5	792	797	3	0	
69	18.64	16.60	-6	930	946	3	0	
70	0.90	14.63	-2	602	608	1	0	
71	13.99	15.31	3	270	275	2	0	
72	16.04	12.94	1	362	367	1	0	
73	1.60	14.68	-4	926	934	2	0	
74	16.26	5.60	5	929	938	3	0	
75	10.64	15.07	3	167	180	2	0	
76	4.76	13.93	3	829	836	2	0	
77	9.48	14.97	4	901	919	2	0	
78	15.30	6.85	6	504	512	3	0	
79	5.80	12.72	5	439	458	3	0	
80	17.90	15.85	1	389	404	1	0	
81	13.95	1.36	2	778	784	1	0	
82	15.78	1.93	4	418	436	2	0	
83	3.84	4.62	-6	274	282	3	0	
84	12.94	3.41	-5	162	181	3	0	
85	12.37	17.63	-4	13	23	2	0	
86	16.32	2.02	5	907	920	3	0	
87	11.35	7.07	-2	594	608	1	0	
88	4.14	1.74	-3	926	931	2	0	
89	3.77	0.17	5	367	384	3	0	
90	3.86	7.53	5	759	766	3	0	
91	1.23	4.24	2	18	38	1	0	
92	11.53	12.32	4	26	42	2	0	
93	11.75	10.57	1	516	521	1	0	
94	8.84	17.61	1	637	652	1	0	
95	9.11	18.85	-4	934	952	2	0	
96	10.59	18.33	4	188	204	2	0	
97	10.05	3.28	-4	776	792	2	0	
98	15.09	19.76	-1	877	882	1	0	
99	3.53	3.59	-6	521	529	3	0	
100	2.42	14.78	5	895	902	3	0	
101	5.86	9.14	-5	490	507	3	0	
102	8.74	8.74	-1	130	145	1	0	
103	1.44	13.51	-3	820	839	2	0	
104	12.41	13.02	4	953	967	2	0	
105	11.73	16.54	-5	490	503	3	0	
106	4.76	15.42	6	502	516	3	0	
107	2.34	16.18	6	854	870	3	0	
108	2.55	17.92	3	846	855	2	0	
109	17.71	10.46	-2	800	820	1	0	
110	15.02	7.36	5	537	554	3	0	
111	9.44	19.58	5	455	474	3	0	
112	2.71	4.07	-2	822	836	1	0	
113	14.97	0.74	-3	494	499	2	0	
114	18.66	0.07	-6	664	672	3	0	
115	10.27	7.17	-4	290	300	2	0	
116	6.45	7.95	5	501	508	3	0	
117	1.93	12.48	-5	535	540	3	0	
118	2.33	10.57	5	337	348	3	0	
119	3.90	15.79	5	507	520	3	0	
120	9.45	7.23	-2	531	537	1	0	
121	13.92	6.96	4	10	22	2	0	
122	17.04	13.85	5	642	653	3	0	
123	13.60	2.41	-1	767	776	1	0	
124	2.60	10.70	1	240	249	1	0	
125	10.19	18.30	4	452	468	2	0	
126	5.26	18.89	3	274	283	2	0	
127	15.20	0.63	-2	527	541	1	0	
128	9.94	16.96	-6	177	191	3	0	
129	0.60	17.29	-6	360	366	3	0	
130	9.05	17.35	1	185	192	1	0	
131	10.11	2.41	6	414	420	3	0	
132	6.87	4.63	-4	55	63	2	0	
133	5.44	3.71	4	689	695	2	0	
134	5.47	15.61	-4	541	553	2	0	
135	14.29	18.85	-5	568	575	3	0	
136	11.38	16.23	-4	121	139	2	0	
137	0.59	16.85	5	169	184	3	0	
138	1.84	13.07	-4	379	391	2	0	
139	3.89	11.81	-2	670	680	1	0	
140	14.49	10.24	-3	922	941	2	0	
141	12.73	14.48	1	93	104	1	0	
142	6.54	19.04	-2	679	685	1	0	
143	19.10	17.45	6	85	97	3	0	
144	11.68	11.88	-1	232	251	1	0	
145	14.02	11.33	6	192	212	3	0	
146	1.65	3.01	-2	421	437	1	0	
147	11.16	11.36	1	245	250	1	0	
148	19.41	2.86	6	137	151	3	0	
149	17.70	7.66	1	841	848	1	0	
150	7.30	0.21	-6	788	804	3	0	
151	6.00	13.05	-6	398	406	3	0	
152	7.34	19.97	3	878	885	2	0	
153	14.58	6.16	2	434	442	1	0	
154	4.83	7.74	4	886	898	2	0	
155	11.33	6.30	-4	210	220	2	0	
156	12.26	15.86	-4	155	169	2	0	
157	14.98	1.06	4	174	180	2	0	
158	3.78	11.26	3	831	836	2	0	
159	13.47	19.41	-3	857	864	2	0	
160	16.76	5.03	-1	636	641	1	0	
161	9.63	0.77	2	438	454	1	0	
162	13.67	1.23	-5	71	86	3	0	
163	4.90	10.49	1	290	307	1	0	
164	18.69	2.62	5	424	439	3	0	
165	9.31	6.10	4	1	9	2	0	
166	11.30	1.00	6	486	506	3	0	
167	16.49	6.62	-6	904	914	3	0	
168	3.86	11.30	2	399	409	1	0	
169	2.77	0.75	1	536	543	1	0	
170	11.10	14.31	3	279	288	2	0	
171	10.03	16.55	-6	602	622	3	0	
172	8.89	11.13	2	644	658	1	0	
173	14.09	16.16	1	281	298	1	0	
174	12.61	12.69	5	945	962	3	0	
175	14.81	18.68	-4	810	816	2	0	
176	18.56	0.99	-4	867	873	2	0	
177	17.48	0.77	-2	652	662	1	0	
178	5.75	16.54	1	953	970	1	0	
179	7.72	18.69	-2	944	962	1	0	
180	17.67	0.79	-1	75	90	1	0	
181	7.45	7.80	6	167	177	3	0	
182	13.42	5.93	-1	571	576	1	0	
183	15.13	17.07	-3	777	782	2	0	
184	19.87	5.35	1	917	932	1	0	
185	14.80	9.82	5	48	61	3	0	
186	12.40	15.80	-1	247	264	1	0	
187	8.60	4.75	5	209	224	3	0	
188	2.60	19.89	4	228	236	2	0	
189	18.98	18.98	6	346	360	3	0	
190	11.77	1.85	1	811	820	1	0	
191	0.47	16.43	2	627	647	1	0	
192	18.22	18.77	-5	654	667	3	0	
193	7.40	9.61	1	40	45	1	0	
194	3.66	3.22	-2	765	785	1	0	
195	7.75	16.60	6	420	438	3	0	
196	12.08	14.94	2	68	88	1	0	
197	15.19	0.44	-6	463	477	3	0	
198	3.51	1.26	5	30	45	3	0	
199	4.69	11.38	3	562	581	2	0	
200	4.33	4.31	-3	259	272	2	0	
201	14.84	7.53	2	48	60	1	0	
202	3.57	9.87	3	212	227	2	0	
203	19.69	12.92	-1	250	255	1	0	
204	5.15	15.21	2	570	588	1	0	
205	0.98	14.44	-1	663	676	1	0	
206	7.39	18.79	-1	222	231	1	0	
207	5.90	1.48	1	630	639	1	0	
208	13.81	14.16	5	274	289	3	0	
209	1.64	12.22	2	237	253	1	0	
210	2.02	4.48	3	24	29	2	0	
211	0.69	0.49	-5	223	232	3	0	
212	13.53	6.51	-1	876	895	1	0	
213	19.00	8.43	5	234	239	3	0	
214	3.10	0.90	-2	951	967	1	0	
215	12.85	7.43	-1	498	511	1	0	
216	0.76	19.18	1	359	366	1	0	
217	5.89	8.87	4	128	148	2	0	
218	0.37	16.85	-5	658	675	3	0	
219	15.57	18.52	-4	622	638	2	0	
220	2.65	10.53	-1	7	22	1	0	
221	8.34	8.89	2	337	353	1	0	
222	5.84	9.31	1	400	415	1	0	
223	8.27	13.32	-4	615	629	2	0	
224	17.00	17.15	3	181	196	2	0	
225	0.85	9.21	3	726	739	2	0	
226	4.48	2.15	-6	588	604	3	0	
227	6.23	7.49	-5	132	149	3	0	
228	1.78	16.99	4	784	800	2	0	
229	9.16	19.12	2	740	756	1	0	
230	12.24	14.93	-3	196	201	2	0	
231	2.29	17.53	-2	821	833	1	0	
232	16.90	10.02	-3	327	346	2	0	
233	1.65	3.20	6	735	741	3	0	
234	10.96	0.37	4	447	467	2	0	
235	2.99	12.80	3	685	692	2	0	
236	6.45	15.71	-6	874	880	3	0	
237	16.78	10.27	2	257	265	1	0	
238	6.20	12.42	-2	813	819	1	0	
239	19.61	3.13	6	438	450	3	0	
240	13.02	17.10	2	437	457	1	0	
241	18.84	7.36	5	208	221	3	0	
242	0.78	12.19	-3	113	132	2	0	
243	4.89	19.01	6	330	348	3	0	
244	4.46	8.88	1	679	696	1	0	
245	0.09	14.14	6	764	780	3	0	
246	5.45	14.01	-4	63	73	2	0	
247	14.02	9.23	4	669	677	2	0	
248	17.41	11.07	1	588	595	1	0	
249	4.54	19.09	2	237	257	1	0	
250	2.18	13.20	2	902	908	1	0	
251	7.32	17.89	-14	281	320	4	1	
252	11.22	12.72	3	401	450	1	1	
253	2.35	11.37	-9	56	115	3	1	
254	4.90	5.39	12	704	761	4	1	
255	16.59	13.25	-3	416	458	1	1	
256	14.37	18.27	-8	641	684	2	1	
257	0.35	3.71	-9	30	79	3	1	
258	0.83	19.59	8	793	842	2	1	
259	19.30	15.30	-13	255	305	4	1	
260	5.41	3.44	13	782	819	4	1	
261	9.65	6.93	-15	103	162	5	1	
262	12.93	16.40	-12	336	368	4	1	
263	0.68	13.54	7	422	476	2	1	
264	7.68	15.31	-3	811	853	1	1	
265	11.89	15.79	2	626	673	1	1	
266	5.82	0.78	2	606	642	1	1	
267	19.40	10.82	14	207	249	4	1	
268	2.48	19.06	3	747	783	1	1	
269	4.20	0.49	-3	302	336	1	1	
270	4.30	10.15	6	359	397	2	1	
271	9.70	11.32	6	549	592	2	1	
272	16.40	2.47	6	899	938	2	1	
273	3.55	12.20	14	952	1000	4	1	
274	17.10	19.98	10	410	440	3	1	
275	2.14	9.11	-10	184	223	3	1	
276	0.39	7.99	8	170	219	2	1	
277	8.69	4.52	13	477	537	4	1	
278	4.80	14.29	15	396	443	5	1	
279	19.77	12.19	11	932	986	3	1	
280	11.69	17.66	-12	116	169	4	1	
281	12.62	17.53	15	165	198	5	1	
282	16.75	16.60	7	13	44	2	1	
283	7.31	17.21	8	291	327	2	1	
284	8.57	5.43	1	418	475	0	1	
285	18.67	12.95	10	559	592	3	1	
286	0.37	6.20	14	863	907	4	1	
287	19.85	3.56	-5	314	362	2	1	
288	5.77	4.78	13	771	820	4	1	
289	7.77	14.05	-13	361	419	4	1	
290	2.07	7.88	13	204	244	4	1	
291	15.99	11.41	-1	444	478	0	1	
292	17.53	1.47	8	499	552	2	1	
293	11.33	1.35	-12	436	476	4	1	
294	0.73	3.18	-9	636	684	3	1	
295	7.96	6.58	5	322	381	2	1	
296	12.50	0.26	8	288	319	2	1	
297	10.05	13.22	2	555	594	1	1	
298	15.71	1.85	8	184	228	2	1	
299	14.08	5.70	11	692	743	3	1	
300	17.20	19.72	13	79	123	4	1	
301	6.13	10.41	-7	540	574	2	1	
302	13.33	14.90	2	772	831	1	1	
303	7.91	9.15	4	909	948	1	1	
304	0.74	10.40	-3	106	153	1	1	
305	11.99	13.02	3	933	975	1	1	
306	7.24	12.41	2	269	328	1	1	
307	19.18	14.75	-10	117	166	3	1	
308	12.22	18.09	-12	634	690	4	1	
309	9.56	11.85	13	194	230	4	1	
310	15.49	3.73	1	615	670	0	1	
311	9.60	13.98	8	711	748	2	1	
312	11.11	5.29	-1	906	947	0	1	
313	2.92	15.87	-15	740	776	5	1	
314	8.63	1.82	6	587	620	2	1	
315	7.10	0.43	-8	683	727	2	1	
316	11.51	11.05	-4	691	748	1	1	
317	1.88	17.73	3	322	353	1	1	
318	13.74	17.44	3	390	423	1	1	
319	1.78	3.27	15	752	791	5	1	
320	0.01	15.23	-10	924	984	3	1	
321	8.36	6.03	4	184	229	1	1	
322	17.17	0.18	-4	777	833	1	1	
323	2.15	7.64	-7	253	286	2	1	
324	8.75	3.33	1	414	473	0	1	
325	15.48	1.13	8	8	66	2	1	
326	8.13	16.40	2	248	306	1	1	
327	5.66	2.15	-15	58	96	5	1	
328	17.39	13.67	-3	606	648	1	1	
329	8.14	1.54	13	939	971	4	1	
330	13.60	0.19	11	188	238	3	1	
331	8.46	6.62	15	358	416	5	1	
332	3.94	2.80	-9	369	421	3	1	
333	10.93	7.35	-10	776	825	3	1	
334	12.33	18.02	-13	130	185	4	1	
335	14.28	12.81	-3	468	498	1	1	
336	19.08	9.95	-15	655	689	5	1	
337	0.44	16.08	-3	168	216	1	1	
338	18.19	8.10	-1	394	441	0	1	
339	11.82	12.40	3	52	100	1	1	
340	18.96	16.60	14	677	727	4	1	
341	11.80	2.07	-13	180	222	4	1	
342	3.01	12.00	1	321	368	0	1	
343	9.92	6.52	-7	696	731	2	1	
344	15.19	13.47	5	904	961	2	1	
345	0.10	0.34	13	19	65	4	1	
346	5.94	9.88	8	60	104	2	1	
347	7.03	3.35	-12	199	238	4	1	
348	4.25	18.61	2	415	446	1	1	
349	5.63	6.66	-15	48	93	5	1	
350	4.96	3.39	2	704	764	1	1	
351	10.24	13.27	9	390	432	3	1	
352	4.76	7.73	-11	155	195	3	1	
353	2.49	8.17	14	862	894	4	1	
354	15.58	17.42	12	442	487	4	1	
355	1.35	9.53	5	432	463	2	1	
356	7.67	2.81	-15	920	973	5	1	
357	12.84	12.57	-7	377	436	2	1	
358	8.04	19.49	-8	869	921	2	1	
359	9.74	13.25	2	935	992	1	1	
360	11.85	17.09	9	721	765	3	1	
361	6.34	17.90	9	948	1008	3	1	
362	6.29	19.01	-4	940	978	1	1	
363	14.20	6.47	-12	929	987	4	1	
364	17.25	15.14	5	758	811	2	1	
365	18.75	2.72	15	115	159	5	1	
366	5.75	2.51	-15	876	917	5	1	
367	12.99	0.72	4	928	964	1	1	
368	16.24	14.78	6	93	137	2	1	
369	13.79	16.23	-1	182	221	0	1	
370	11.35	9.38	-9	266	318	3	1	
371	16.40	19.72	-3	637	686	1	1	
372	6.97	4.17	14	508	565	4	1	
373	12.44	19.43	-5	415	461	2	1	
374	16.04	1.12	-10	547	592	3	1	
375	17.50	8.69	12	198	230	4	1	
376	10.71	8.52	2	109	145	1	1	
377	5.68	3.54	-7	260	299	2	1	
378	11.27	19.35	4	465	516	1	1	
379	3.29	14.48	-1	935	969	0	1	
380	3.55	11.53	3	187	231	1	1	
381	5.89	16.18	-10	813	859	3	1	
382	18.37	8.21	12	224	254	4	1	
383	6.93	10.26	-4	251	287	1	1	
384	19.00	1.63	4	127	176	1	1	
385	7.02	16.76	15	580	614	5	1	
386	16.50	5.18	10	810	862	3	1	
387	4.11	16.39	-10	513	559	3	1	
388	18.37	13.88	10	91	147	3	1	
389	12.78	5.57	1	423	482	0	1	
390	10.11	12.19	-11	15	63	3	1	
391	8.43	10.43	5	275	320	2	1	
392	6.30	19.45	13	124	162	4	1	
393	12.23	0.52	-11	147	185	3	1	
394	11.96	3.15	-15	544	574	5	1	
395	14.46	1.34	-15	330	380	5	1	
396	16.73	0.08	9	282	339	3	1	
397	5.49	2.16	1	278	337	0	1	
398	15.88	19.05	12	181	241	4	1	
399	9.32	10.21	-8	138	172	2	1	
400	7.02	7.03	15	384	441	5	1	
401	18.46	8.60	3	940	987	1	1	
402	1.14	1.76	13	557	607	4	1	
403	9.41	10.61	8	881	921	2	1	
404	1.73	3.59	9	351	404	3	1	
405	10.93	13.33	9	445	501	3	1	
406	11.92	5.60	14	767	827	4	1	
407	1.37	6.42	2	233	293	1	1	
408	16.02	19.01	-2	701	744	1	1	
409	10.28	3.76	13	819	867	4	1	
410	2.02	6.05	14	581	631	4	1	
411	2.47	8.75	-12	251	296	4	1	
412	13.24	16.68	15	46	98	5	1	
413	18.99	9.04	12	306	355	4	1	
414	6.09	8.01	7	759	818	2	1	
415	18.95	9.53	8	774	832	2	1	
416	1.17	0.92	2	112	165	1	1	
417	15.90	16.14	14	388	423	4	1	
418	6.02	18.88	3	855	897	1	1	
419	6.26	5.08	-2	101	136	1	1	
420	2.45	19.34	10	16	53	3	1	
421	19.71	9.96	-7	267	325	2	1	
422	5.95	8.21	-15	717	768	5	1	
423	13.49	16.50	-7	935	982	2	1	
424	6.66	6.42	-5	243	299	2	1	
425	4.84	7.24	10	25	55	3	1	
426	1.24	1.57	12	567	627	4	1	
427	6.74	11.78	-4	102	140	1	1	
428	8.33	0.66	6	255	315	2	1	
429	8.36	17.18	15	347	402	5	1	
430	16.20	17.90	-8	859	911	2	1	
431	2.92	19.88	-12	52	106	4	1	
432	8.00	2.13	14	48	105	4	1	
433	4.88	13.07	15	160	196	5	1	
434	11.24	3.86	4	865	921	1	1	
435	14.70	12.49	2	633	683	1	1	
436	10.26	0.69	8	206	243	2	1	
437	10.62	5.79	14	426	457	4	1	
438	13.95	15.51	-10	403	439	3	1	
439	7.50	7.77	11	743	791	3	1	
440	9.70	18.08	8	17	66	2	1	
441	18.92	3.52	13	628	672	4	1	
442	17.07	8.90	5	39	87	2	1	
443	10.25	0.25	15	272	306	5	1	
444	19.52	1.54	-1	769	828	0	1	
445	9.88	16.01	15	387	439	5	1	
446	13.84	13.46	14	351	387	4	1	
447	3.16	1.05	-6	118	157	2	1	
448	17.08	3.29	-7	361	412	2	1	
449	7.84	18.44	-14	336	384	4	1	
450	14.70	15.71	9	152	203	3	1	
451	14.05	5.64	0	0	960	0	2	
452	15.97	18.17	0	0	960	0	2	
453	16.05	14.49	0	0	960	0	2	
454	12.52	13.93	0	0	960	0	2	
455	13.53	8.04	0	0	960	0	2	
456	12.28	5.44	0	0	960	0	2	
457	6.32	6.47	0	0	960	0	2	
458	15.84	7.70	0	0	960	0	2	
459	2.72	7.58	0	0	960	0	2	
460	3.17	15.42	0	0	960	0	2	
461	14.09	0.35	0	0	960	0	2	
462	19.33	16.24	0	0	960	0	2	
463	19.17	13.95	0	0	960	0	2	
464	10.58	2.01	0	0	960	0	2	
465	18.63	3.37	0	0	960	0	2	
466	10.49	7.44	0	0	960	0	2	
467	2.00	0.29	0	0	960	0	2	
468	13.08	5.86	0	0	960	0	2	
469	0.36	15.26	0	0	960	0	2	
470	4.06	19.63	0	0	960	0	2	
471	2.29	0.12	0	0	960	0	2	
472	12.68	17.19	0	0	960	0	2	
473	0.64	15.82	0	0	960	0	2	
474	9.53	9.11	0	0	960	0	2	
475	6.49	7.03	0	0	960	0	2	
476	10.98	11.35	0	0	960	0	2	
477	15.19	4.08	0	0	960	0	2	
478	3.81	2.30	0	0	960	0	2	
479	15.78	19.88	0	0	960	0	2	
480	7.85	4.27	0	0	960	0	2	
481	2.31	11.93	0	0	960	0	2	
482	0.26	4.63	0	0	960	0	2	
483	9.27	2.11	0	0	960	0	2	
484	8.30	19.20	0	0	960	0	2	
485	7.19	10.20	0	0	960	0	2	
486	18.44	8.58	0	0	960	0	2	
487	1.04	1.42	0	0	960	0	2	
488	7.51	16.84	0	0	960	0	2	
489	2.13	5.07	0	0	960	0	2	
490	1.73	11.05	0	0	960	0	2	
491	19.68	4.82	0	0	960	0	2	
492	8.95	18.88	0	0	960	0	2	
493	2.53	16.89	0	0	960	0	2	
494	11.91	19.17	0	0	960	0	2	
495	18.33	17.50	0	0	960	0	2	
496	6.98	14.16	0	0	960	0	2	
497	18.00	12.27	0	0	960	0	2	
498	14.53	7.37	0	0	960	0	2	
499	9.04	3.25	0	0	960	0	2	
500	0.78	2.46	0	0	960	0	2	
