37	20	6	15	1	
0	10.00	10.00	0	0	960	0	2	
1	9.58	17.04	-6	195	203	3	0	
2	3.32	19.72	-5	163	180	3	0	
3	19.26	9.95	2	10	16	1	0	
4	1.52	0.48	-6	223	233	3	0	
5	1.53	14.72	5	519	524	3	0	
6	11.30	1.99	2	151	171	1	0	
7	17.17	10.60	-1	117	122	1	0	
8	6.17	8.83	1	670	675	1	0	
9	17.36	16.53	4	157	165	2	0	
10	19.13	19.33	-1	222	229	1	0	
11	7.17	0.16	-6	127	147	3	0	
12	18.33	3.85	5	101	116	3	0	
13	14.35	16.86	3	142	153	2	0	
14	15.61	11.34	-6	607	623	3	0	
15	2.02	19.17	3	254	259	2	0	
16	15.96	9.23	5	193	208	3	0	
17	6.30	9.61	-1	195	214	1	0	
18	13.00	2.23	4	255	271	2	0	
19	19.26	16.01	-1	329	344	1	0	
20	14.06	9.64	3	595	610	2	0	
21	9.97	15.40	1	99	118	1	0	
22	10.02	9.69	-3	310	323	2	0	
23	0.73	9.29	2	824	844	1	0	
24	19.05	5.52	-2	667	681	1	0	
25	16.29	1.91	1	208	225	1	0	
26	11.95	7.73	-4	222	240	2	0	
27	7.46	18.19	-3	5	22	2	0	
28	11.43	8.28	5	80	97	3	0	
29	17.57	13.32	5	666	679	3	0	
30	13.05	15.47	5	655	660	3	0	
31	10.80	0.82	5	212	217	3	0	
32	13.69	19.21	-3	713	722	2	0	
33	12.40	12.11	3	617	632	2	0	
34	12.76	10.74	4	30	40	2	0	
35	3.95	5.94	6	561	567	3	0	
36	6.97	1.26	-3	918	929	2	0	
37	4.67	9.21	4	751	767	2	0	
38	2.41	0.51	-6	87	93	3	0	
39	15.11	17.21	1	859	876	1	0	
40	16.26	4.81	3	128	139	2	0	
41	10.85	19.79	6	331	343	3	0	
42	3.44	9.24	-1	74	81	1	0	
43	17.36	9.52	6	136	152	3	0	
44	8.51	8.30	2	119	129	1	0	
45	12.92	7.17	-3	789	796	2	0	
46	5.12	9.33	-2	768	786	1	0	
47	2.53	2.99	5	147	164	3	0	
48	0.43	11.48	3	806	825	2	0	
49	16.28	12.39	-6	696	710	3	0	
50	5.44	13.58	2	734	746	1	0	
51	10.27	10.72	-4	236	256	2	0	
52	9.01	10.75	-4	195	211	2	0	
53	19.39	2.98	5	306	321	3	0	
54	17.94	19.04	1	262	275	1	0	
55	16.16	12.13	3	656	661	2	0	
56	9.89	5.03	-6	242	260	3	0	
57	16.67	15.93	-5	255	266	3	0	
58	16.38	2.21	-6	22	40	3	0	
59	2.31	8.59	5	617	628	3	0	
60	3.65	0.12	-5	345	362	3	0	
61	15.75	15.56	2	858	868	1	0	
62	18.03	9.59	-4	711	729	2	0	
63	18.64	19.70	4	624	640	2	0	
64	19.35	2.58	1	731	748	1	0	
65	6.17	4.31	4	387	403	2	0	
66	9.82	3.06	6	683	703	3	0	
67	0.22	2.96	5	167	186	3	0	
68	16.62	3.54	-5	433	438	3	0	
69	10.35	14.89	-3	696	711	2	0	
70	1.01	19.87	5	722	737	3	0	
71	1.18	12.84	-4	583	593	2	0	
72	7.69	9.71	-4	658	666	2	0	
73	8.74	11.93	-1	139	152	1	0	
74	1.54	2.05	1	499	516	1	0	
75	10.21	5.08	-1	225	236	1	0	
76	9.32	10.21	4	750	760	2	0	
77	19.17	11.29	4	801	809	2	0	
78	17.35	17.96	-2	567	587	1	0	
79	6.12	7.20	-5	761	774	3	0	
80	10.29	14.90	3	861	868	2	0	
81	15.28	0.26	5	209	216	3	0	
82	8.71	6.79	-6	806	820	3	0	
83	7.01	3.53	4	708	718	2	0	
84	5.35	5.36	3	556	571	2	0	
85	2.62	6.51	-4	776	794	2	0	
86	4.04	15.43	-2	742	750	1	0	
87	4.76	3.97	-4	697	705	2	0	
88	10.76	17.61	-3	63	80	2	0	
89	11.90	8.38	-5	272	277	3	0	
90	4.32	2.46	-5	711	728	3	0	
91	14.60	12.84	3	67	76	2	0	
92	18.35	13.36	5	106	115	3	0	
93	7.56	3.07	2	110	126	1	0	
94	9.28	18.23	-3	725	744	2	0	
95	8.72	11.44	1	29	44	1	0	
96	8.40	19.43	6	665	677	3	0	
97	13.04	7.50	3	795	814	2	0	
98	12.25	1.79	-1	621	628	1	0	
99	11.73	5.86	4	141	161	2	0	
100	9.28	4.91	5	651	668	3	0	
101	13.30	16.98	5	740	749	3	0	
102	5.40	19.04	-1	562	567	1	0	
103	15.68	14.46	1	380	389	1	0	
104	11.09	9.46	5	718	737	3	0	
105	0.94	18.02	-4	802	820	2	0	
106	15.78	11.87	-3	206	221	2	0	
107	13.19	6.89	5	608	621	3	0	
108	16.51	7.43	2	51	71	1	0	
109	12.44	19.76	2	104	110	1	0	
110	16.74	7.34	4	628	642	2	0	
111	10.57	7.94	-5	854	871	3	0	
112	13.07	6.93	-4	297	317	2	0	
113	10.80	6.50	-6	735	741	3	0	
114	19.16	14.77	2	833	845	1	0	
115	9.26	18.71	-1	303	312	1	0	
116	17.35	6.83	-3	770	789	2	0	
117	8.92	14.43	-1	777	782	1	0	
118	10.11	5.20	6	628	648	3	0	
119	12.62	9.07	5	110	115	3	0	
120	7.34	18.02	1	728	747	1	0	
121	16.69	13.26	-1	770	777	1	0	
122	14.85	11.64	-1	179	186	1	0	
123	3.42	10.41	5	125	142	3	0	
124	15.64	11.07	-5	111	128	3	0	
125	15.25	19.14	6	771	779	3	0	
126	5.52	19.00	1	38	55	1	0	
127	5.49	5.53	-2	677	687	1	0	
128	14.24	7.68	-3	72	77	2	0	
129	16.17	3.53	2	262	278	1	0	
130	9.49	7.12	-1	619	630	1	0	
131	15.75	4.06	4	194	212	2	0	
132	0.08	2.15	-5	408	415	3	0	
133	12.73	16.02	6	178	184	3	0	
134	11.04	19.24	-6	714	732	3	0	
135	13.37	13.83	-4	142	148	2	0	
136	16.15	6.40	5	228	233	3	0	
137	18.90	11.27	3	30	49	2	0	
138	1.35	7.76	-1	50	57	1	0	
139	12.57	3.03	6	560	574	3	0	
140	17.06	18.26	1	798	817	1	0	
141	7.11	11.79	5	231	240	3	0	
142	8.70	10.09	-2	744	752	1	0	
143	17.40	19.76	2	877	897	1	0	
144	19.60	3.15	-2	547	565	1	0	
145	8.00	8.64	6	173	193	3	0	
146	0.47	5.20	2	844	860	1	0	
147	11.26	11.51	5	782	791	3	0	
148	4.12	9.53	-4	226	246	2	0	
149	6.71	16.87	-1	741	756	1	0	
150	11.68	10.92	3	835	846	2	0	
151	9.37	3.00	-6	346	366	3	0	
152	8.38	12.02	1	199	214	1	0	
153	4.51	8.26	-1	43	52	1	0	
154	4.09	2.83	-4	685	697	2	0	
155	10.34	6.03	2	756	768	1	0	
156	16.92	0.11	4	552	568	2	0	
157	1.42	4.88	1	167	176	1	0	
158	11.22	1.10	2	843	861	1	0	
159	0.09	7.73	1	733	742	1	0	
160	9.35	10.43	4	137	155	2	0	
161	13.84	3.83	2	688	704	1	0	
162	8.19	10.40	4	745	753	2	0	
163	16.79	15.14	6	182	188	3	0	
164	18.47	8.66	4	497	511	2	0	
165	6.52	6.73	1	119	134	1	0	
166	16.76	12.26	-4	687	699	2	0	
167	4.25	13.75	3	102	111	2	0	
168	18.29	2.22	5	256	261	3	0	
169	13.97	19.59	1	758	767	1	0	
170	8.46	11.95	5	647	666	3	0	
171	16.52	8.37	1	734	739	1	0	
172	2.60	19.59	-1	117	130	1	0	
173	8.62	6.27	-6	187	197	3	0	
174	12.92	1.99	3	347	358	2	0	
175	5.68	11.59	2	296	312	1	0	
176	7.48	1.11	4	157	165	2	0	
177	3.20	18.67	1	194	201	1	0	
178	1.91	10.23	4	664	680	2	0	
179	10.98	10.47	-3	672	689	2	0	
180	1.35	2.15	-5	819	830	3	0	
181	16.56	11.61	-4	759	767	2	0	
182	12.49	6.08	-5	625	644	3	0	
183	6.81	10.54	1	182	195	1	0	
184	16.09	1.99	-5	652	665	3	0	
185	4.37	19.57	-4	240	260	2	0	
186	8.97	6.73	-6	747	755	3	0	
187	19.25	1.31	-2	188	206	1	0	
188	8.27	15.49	3	364	379	2	0	
189	2.79	16.49	6	819	831	3	0	
190	1.41	2.47	5	178	193	3	0	
191	8.40	15.26	-5	147	166	3	0	
192	13.44	16.71	3	757	768	2	0	
193	7.06	0.49	-4	107	117	2	0	
194	9.68	5.96	-2	121	127	1	0	
195	1.00	1.89	3	124	129	2	0	
196	10.37	0.39	3	693	708	2	0	
197	17.91	3.94	5	263	274	3	0	
198	19.17	3.32	5	771	784	3	0	
199	7.83	1.56	3	45	54	2	0	
200	16.88	13.54	2	697	709	1	0	
201	13.67	18.46	5	810	821	3	0	
202	1.19	4.16	-4	598	608	2	0	
203	16.51	10.93	-6	89	101	3	0	
204	17.62	4.61	4	219	229	2	0	
205	8.14	14.31	2	720	736	1	0	
206	5.36	5.41	5	542	555	3	0	
207	11.70	13.13	-3	594	605	2	0	
208	2.47	0.30	3	234	249	2	0	
209	2.10	9.25	2	872	882	1	0	
210	6.24	5.64	4	693	699	2	0	
211	16.34	8.41	5	138	149	3	0	
212	8.02	8.81	-2	857	873	1	0	
213	1.81	14.88	3	942	951	2	0	
214	16.87	4.61	-2	338	344	1	0	
215	3.73	15.98	-3	90	97	2	0	
216	1.05	13.55	6	578	584	3	0	
217	1.17	13.21	-3	622	637	2	0	
218	7.02	4.51	4	193	213	2	0	
219	19.96	16.97	3	207	218	2	0	
220	4.44	17.28	3	731	736	2	0	
221	1.67	19.20	5	302	309	3	0	
222	10.42	4.04	3	766	783	2	0	
223	16.54	8.34	5	763	780	3	0	
224	5.75	8.70	5	942	951	3	0	
225	1.69	3.25	-3	115	122	2	0	
226	11.76	11.12	-1	135	148	1	0	
227	14.11	15.92	6	780	790	3	0	
228	16.76	1.83	6	80	98	3	0	
229	16.84	17.63	2	196	214	1	0	
230	1.75	11.33	4	790	802	2	0	
231	4.88	8.90	-2	618	634	1	0	
232	18.10	3.08	-3	182	199	2	0	
233	4.19	2.00	1	586	603	1	0	
234	14.21	19.09	5	7	26	3	0	
235	9.72	11.34	3	363	372	2	0	
236	13.73	5.27	3	31	50	2	0	
237	1.63	2.75	-3	649	668	2	0	
238	1.13	8.42	6	793	801	3	0	
239	5.77	4.63	6	139	153	3	0	
240	14.47	17.47	6	681	695	3	0	
241	2.26	19.35	4	194	212	2	0	
242	6.88	7.92	-3	190	199	2	0	
243	15.45	11.98	5	589	602	3	0	
244	7.41	0.82	2	241	251	1	0	
245	18.02	4.29	6	830	838	3	0	
246	18.16	14.31	5	728	739	3	0	
247	0.97	10.49	2	160	172	1	0	
248	16.86	14.09	4	809	827	2	0	
249	14.30	10.46	2	312	330	1	0	
250	4.12	6.86	6	257	263	3	0	
251	12.43	9.38	7	219	257	2	1	
252	12.76	8.60	-3	505	556	1	1	
253	18.92	2.19	9	126	175	3	1	
254	9.32	16.05	-11	784	838	3	1	
255	15.57	15.59	13	469	516	4	1	
256	7.83	13.39	-12	178	234	4	1	
257	18.73	13.88	10	387	431	3	1	
258	6.44	10.77	11	556	592	3	1	
259	15.42	19.74	11	95	146	3	1	
260	10.17	6.38	-7	469	514	2	1	
261	2.87	15.39	-1	542	576	0	1	
262	10.42	7.44	15	270	325	5	1	
263	8.52	6.51	-13	94	131	4	1	
264	6.60	18.34	1	709	765	0	1	
265	19.05	3.01	-3	188	245	1	1	
266	1.68	17.81	-2	626	682	1	1	
267	9.11	5.46	-8	333	370	2	1	
268	12.44	11.66	11	685	739	3	1	
269	4.38	12.71	14	654	691	4	1	
270	10.24	8.30	13	489	542	4	1	
271	9.83	18.87	-8	501	551	2	1	
272	10.41	3.59	4	243	278	1	1	
273	11.82	8.65	2	806	849	1	1	
274	18.55	11.35	-2	14	49	1	1	
275	16.28	3.03	8	729	789	2	1	
276	16.12	10.66	6	601	646	2	1	
277	0.38	1.26	8	242	274	2	1	
278	6.29	19.22	-5	328	358	2	1	
279	11.12	10.19	2	397	456	1	1	
280	5.82	1.98	13	403	445	4	1	
281	13.32	10.65	-4	114	158	1	1	
282	16.58	7.30	11	762	807	3	1	
283	9.45	3.16	1	323	356	0	1	
284	5.02	17.89	3	561	608	1	1	
285	9.64	12.75	2	636	680	1	1	
286	0.82	19.46	7	761	815	2	1	
287	4.99	3.47	1	276	311	0	1	
288	4.23	13.92	-14	760	812	4	1	
289	2.23	13.87	9	752	808	3	1	
290	2.92	16.57	1	724	780	0	1	
291	18.58	14.60	-7	562	600	2	1	
292	12.83	3.69	-5	122	170	2	1	
293	10.63	6.44	15	289	335	5	1	
294	15.15	6.85	4	391	441	1	1	
295	13.10	11.34	-14	411	442	4	1	
296	7.72	19.61	-1	584	621	0	1	
297	4.56	1.47	13	747	803	4	1	
298	12.91	8.08	1	119	154	0	1	
299	9.83	18.17	2	112	147	1	1	
300	4.97	7.14	-3	190	230	1	1	
301	7.58	12.18	-6	376	411	2	1	
302	2.98	1.07	14	606	660	4	1	
303	1.75	6.18	13	447	506	4	1	
304	18.50	8.10	2	221	272	1	1	
305	11.97	6.55	10	418	475	3	1	
306	7.02	19.93	13	414	444	4	1	
307	6.16	7.84	-13	329	364	4	1	
308	18.44	9.26	5	643	684	2	1	
309	6.09	8.09	3	189	248	1	1	
310	2.16	0.04	5	236	290	2	1	
311	11.71	9.75	-13	54	104	4	1	
312	10.13	12.17	-13	367	398	4	1	
313	5.62	9.24	5	711	762	2	1	
314	4.28	4.15	-2	199	257	1	1	
315	7.75	14.31	7	548	587	2	1	
316	17.11	1.16	-13	518	573	4	1	
317	16.87	17.73	8	90	143	2	1	
318	8.95	2.53	-15	436	473	5	1	
319	2.07	6.20	7	118	171	2	1	
320	18.25	13.29	13	355	403	4	1	
321	15.82	12.38	-4	335	380	1	1	
322	14.13	6.58	10	500	545	3	1	
323	13.31	7.25	5	552	611	2	1	
324	4.29	5.80	2	617	659	1	1	
325	9.77	11.98	13	515	572	4	1	
326	11.13	17.61	6	573	621	2	1	
327	2.74	17.11	-7	318	370	2	1	
328	1.57	6.18	-1	309	358	0	1	
329	19.12	19.86	15	597	633	5	1	
330	7.85	8.69	-6	585	618	2	1	
331	14.51	9.27	3	753	787	1	1	
332	16.72	19.77	5	327	369	2	1	
333	12.41	19.06	5	491	522	2	1	
334	13.08	8.34	11	668	699	3	1	
335	12.95	14.88	2	186	226	1	1	
336	18.44	12.92	9	321	379	3	1	
337	2.97	11.33	-8	717	774	2	1	
338	10.90	4.90	-7	228	288	2	1	
339	3.55	16.26	-10	426	474	3	1	
340	9.38	16.86	-8	338	394	2	1	
341	6.13	0.47	-11	362	416	3	1	
342	13.09	16.78	2	200	256	1	1	
343	12.87	18.78	-8	566	604	2	1	
344	14.33	15.16	5	531	579	2	1	
345	3.33	10.19	13	462	498	4	1	
346	17.39	18.13	-5	286	323	2	1	
347	13.12	6.58	11	834	868	3	1	
348	19.74	4.60	-2	223	280	1	1	
349	17.87	11.85	3	124	172	1	1	
350	2.36	0.86	14	597	630	4	1	
351	13.49	4.96	5	227	276	2	1	
352	8.81	12.72	-2	602	656	1	1	
353	5.23	9.15	10	190	230	3	1	
354	11.96	8.35	3	142	184	1	1	
355	17.00	19.26	-9	406	437	3	1	
356	0.07	10.46	-10	327	362	3	1	
357	2.54	19.34	12	800	848	4	1	
358	12.67	19.15	15	169	217	5	1	
359	3.14	1.29	4	696	745	1	1	
360	12.68	16.02	7	162	221	2	1	
361	1.66	6.03	9	80	121	3	1	
362	3.04	6.80	-9	692	737	3	1	
363	4.27	10.54	-6	710	763	2	1	
364	3.25	16.66	-12	524	562	4	1	
365	15.76	19.81	6	712	768	2	1	
366	19.16	2.59	8	469	522	2	1	
367	18.24	7.08	12	239	292	4	1	
368	8.35	5.39	5	706	752	2	1	
369	12.84	8.59	-12	605	654	4	1	
370	3.73	12.09	12	550	604	4	1	
371	16.61	13.94	-13	407	447	4	1	
372	0.52	1.90	5	685	735	2	1	
373	5.93	1.96	5	298	341	2	1	
374	10.13	19.50	7	277	330	2	1	
375	10.93	16.55	1	889	929	0	1	
376	13.84	3.00	13	815	868	4	1	
377	7.81	2.69	-3	657	693	1	1	
378	15.94	4.47	12	202	241	4	1	
379	18.57	19.28	15	672	719	5	1	
380	6.44	19.93	-12	292	328	4	1	
381	1.50	16.44	10	128	158	3	1	
382	10.47	4.35	-6	695	746	2	1	
383	12.83	11.53	1	288	324	0	1	
384	11.11	2.14	1	185	226	0	1	
385	19.08	17.00	7	664	718	2	1	
386	10.87	20.00	3	490	541	1	1	
387	13.66	6.60	10	573	621	3	1	
388	19.89	2.21	14	725	760	4	1	
389	10.21	19.85	4	512	543	1	1	
390	7.39	2.88	-15	569	625	5	1	
391	15.63	16.89	-11	171	214	3	1	
392	14.93	1.11	2	349	400	1	1	
393	1.80	11.80	4	526	564	1	1	
394	8.59	0.80	-5	144	174	2	1	
395	19.24	14.16	13	153	192	4	1	
396	5.87	16.30	5	688	733	2	1	
397	12.28	3.32	-6	307	353	2	1	
398	5.18	1.95	4	613	652	1	1	
399	5.48	9.59	-5	646	679	2	1	
400	16.07	1.70	2	218	273	1	1	
401	16.25	0.32	7	613	663	2	1	
402	16.45	8.52	-13	29	87	4	1	
403	12.56	13.18	2	577	613	1	1	
404	19.31	18.83	-8	405	455	2	1	
405	11.01	18.10	1	738	790	0	1	
406	16.41	19.29	8	475	517	2	1	
407	10.11	6.49	8	91	136	2	1	
408	3.12	8.23	9	759	812	3	1	
409	11.42	5.98	-15	575	612	5	1	
410	16.45	10.49	5	260	307	2	1	
411	0.51	1.97	7	240	274	2	1	
412	10.81	9.31	-2	410	444	1	1	
413	19.01	15.18	-3	667	725	1	1	
414	13.56	3.55	5	677	724	2	1	
415	15.45	18.97	-15	704	736	5	1	
416	2.60	11.62	-11	67	119	3	1	
417	14.25	15.19	-10	481	530	3	1	
418	4.86	1.01	9	594	629	3	1	
419	11.71	17.41	-5	319	353	2	1	
420	10.22	12.47	6	57	112	2	1	
421	3.90	5.41	-12	42	86	4	1	
422	7.70	7.10	-11	678	734	3	1	
423	10.46	14.13	-5	124	180	2	1	
424	19.01	19.18	7	625	680	2	1	
425	16.57	1.50	5	633	666	2	1	
426	19.36	3.92	-13	133	165	4	1	
427	19.28	10.73	5	66	116	2	1	
428	13.57	13.79	3	612	657	1	1	
429	19.11	3.57	1	313	373	0	1	
430	8.21	17.54	12	382	423	4	1	
431	17.39	0.00	-12	221	270	4	1	
432	4.62	13.42	10	843	888	3	1	
433	18.58	14.73	1	154	184	0	1	
434	0.99	7.93	12	575	624	4	1	
435	12.74	14.47	11	137	189	3	1	
436	1.97	16.22	-9	246	297	3	1	
437	7.11	13.32	-8	598	637	2	1	
438	1.60	11.84	13	148	206	4	1	
439	10.50	0.99	7	144	192	2	1	
440	13.42	0.77	-3	40	80	1	1	
441	13.29	2.20	14	536	574	4	1	
442	15.24	16.09	-11	364	408	3	1	
443	19.50	13.45	13	512	545	4	1	
444	15.75	11.21	-15	132	169	5	1	
445	1.76	4.27	2	145	176	1	1	
446	16.00	8.50	15	119	164	5	1	
447	13.58	4.30	-12	270	300	4	1	
448	5.59	18.83	7	521	580	2	1	
449	4.33	5.72	-10	234	265	3	1	
450	15.71	16.28	-11	522	569	3	1	
451	19.64	13.35	0	0	960	0	2	
452	1.62	11.69	0	0	960	0	2	
453	10.25	14.57	0	0	960	0	2	
454	2.54	18.26	0	0	960	0	2	
455	14.47	2.46	0	0	960	0	2	
456	15.78	13.53	0	0	960	0	2	
457	5.26	6.88	0	0	960	0	2	
458	16.99	8.52	0	0	960	0	2	
459	7.74	10.57	0	0	960	0	2	
460	8.96	7.89	0	0	960	0	2	
461	15.29	11.16	0	0	960	0	2	
462	0.61	12.67	0	0	960	0	2	
463	9.05	15.34	0	0	960	0	2	
464	16.31	10.08	0	0	960	0	2	
465	7.65	8.59	0	0	960	0	2	
466	8.53	12.62	0	0	960	0	2	
467	14.41	14.85	0	0	960	0	2	
468	1.07	2.01	0	0	960	0	2	
469	8.00	6.02	0	0	960	0	2	
470	3.18	17.64	0	0	960	0	2	
471	8.74	8.96	0	0	960	0	2	
472	3.61	15.55	0	0	960	0	2	
473	14.58	2.28	0	0	960	0	2	
474	0.33	9.71	0	0	960	0	2	
475	16.62	9.14	0	0	960	0	2	
476	7.51	11.26	0	0	960	0	2	
477	15.08	6.57	0	0	960	0	2	
478	19.03	19.11	0	0	960	0	2	
479	3.43	1.42	0	0	960	0	2	
480	14.55	7.49	0	0	960	0	2	
481	2.68	1.54	0	0	960	0	2	
482	12.28	13.19	0	0	960	0	2	
483	11.20	0.04	0	0	960	0	2	
484	16.66	8.73	0	0	960	0	2	
485	11.01	17.81	0	0	960	0	2	
486	8.41	11.18	0	0	960	0	2	
487	19.13	7.32	0	0	960	0	2	
488	15.80	5.44	0	0	960	0	2	
489	13.71	17.52	0	0	960	0	2	
490	14.10	10.54	0	0	960	0	2	
491	6.83	12.46	0	0	960	0	2	
492	10.60	8.31	0	0	960	0	2	
493	10.34	5.10	0	0	960	0	2	
494	4.54	11.81	0	0	960	0	2	
495	6.41	12.69	0	0	960	0	2	
496	16.01	1.22	0	0	960	0	2	
497	16.15	7.82	0	0	960	0	2	
498	15.24	19.60	0	0	960	0	2	
499	7.34	9.66	0	0	960	0	2	
500	13.87	1.26	0	0	960	0	2	
